-21 9
90 -68
90 -2
93 -82
-28 -71
103 24
77 106
24 47
28 20
80 106
-37 10
83 -55
99 44
104 -27
-34 -54
35 0
59 2
-78 14
-45 -56
101 35
13 60
78 -36
81 -60
55 -46
22 80
66 16
41 -73
-29 -12
-51 3
10 -63
-52 91
-61 29
50 -12
-38 42
18 102
-65 -18
80 -33
68 24
-63 -55
81 -57
59 46
79 -26
41 -36
-64 -42
85 57
92 -8
108 30
-80 10
6 -86
4 -84
-58 98
11 85
101 -83
-6 102
77 21
93 -68
67 -63
59 -78
40 86
7 30
-37 -83
58 13
67 17
-24 -9
79 -66
-23 56
92 35
-62 87
76 -24
-18 12
32 -45
53 -22
-58 -50
-64 1
88 7
17 109
42 -21
70 -60
-70 75
-50 -47
8 97
-74 -10
67 106
-22 74
25 53
0 -37
27 57
-12 -74
43 3
-2 -77
-52 -53
-17 -64
12 89
51 76
66 -50
61 -62
-76 -59
70 -78
77 83
42 28
-84 4
-41 81
-66 -7
92 99
79 -7
-54 96
96 -52
-52 -34
14 54
13 -14
75 71
41 88
93 95
-45 -57
31 -73
-59 20
76 -58
37 45
68 -2
66 100
47 -6
-38 73
85 -46
-19 4
-68 46
22 53
-30 15
24 88
55 36
96 68
17 -36
31 -36
9 8
63 56
72 85
29 55
39 6
17 81
-40 55
-7 -34
-44 -33
4 79
-12 -64
30 108
54 11
104 72
-58 12
18 -3
-1 39
-6 34
109 101
102 -84
47 17
51 64
-39 40
-80 1
93 -62
-39 -53
43 -72
-81 94
72 24
-24 109
-53 -30
57 -66
82 -22
-66 98
64 90
42 41
95 17
104 -47
84 91
-31 0
22 -67
12 4
32 67
51 -60
93 86
77 109
60 38
49 -55
105 -57
-53 63
4 106
-12 -24
-69 78
-34 100
68 -11
1 101
105 -12
32 -30
5 71
-46 105
-77 44
64 -12
104 -30
35 -52
83 -84
36 -70
97 -43
-22 90
-4 88
-66 -69
83 18
-71 -74
42 69
102 52
-27 92
-38 22
-14 -77
-43 9
-74 14
82 29
-88 -48
-25 30
-16 104
-70 96
-60 61
-10 -12
85 6
-69 -26
40 107
-86 -14
-64 -8
7 -15
-22 27
-9 -23
93 -81
52 -90
-32 -73
74 -5
23 -2
14 58
-69 46
-75 -86
47 91
59 -81
-40 91
-85 -53
-71 88
-55 -24
103 22
-71 -61
9 95
73 -3
-62 70
23 98
102 -2
34 24
-47 12
34 39
16 -25
25 24
-16 -31
73 15
62 74
26 11
12 -77
75 17
102 9
107 -48
78 46
-54 57
-56 1
-4 86
75 24
73 77
104 76
88 3
35 -25
13 106
14 -47
-1 25
-57 10
77 33
1 -81
-29 24
84 -53
-67 89
80 16
-73 12
-56 68
89 63
43 -23
23 -61
-89 -7
94 -55
-38 51
79 -90
24 -82
-15 83
10 107
71 58
108 -16
27 -31
45 45
-33 -20
60 -6
103 -90
-81 90
72 -31
70 -8
31 68
102 4
-69 92
89 -46
19 101
-13 -19
64 74
-12 -12
-71 -88
-2 100
19 13
-25 -19
89 -71
92 -89
21 79
38 87
58 -11
23 95
68 47
77 -16
-38 -28
17 64
-81 -8
84 56
42 -89
-86 93
78 -70
-12 2
-70 43
-14 -56
-2 93
-25 -62
-23 73
31 16
-77 -90
-29 -33
-73 60
37 62
-10 33
-37 -36
96 -76
-70 22
-10 83
-54 -1
80 56
-59 -84
23 -85
-23 -24
33 52
26 -69
-88 32
-74 42
72 -29
-62 -80
21 108
23 -84
-83 90
4 -35
-76 83
-85 -46
-85 58
17 64
70 9
16 101
73 28
98 -13
92 -9
-54 -69
105 -15
4 18
20 -54
-69 91
95 -42
-23 66
-11 42
20 -12
95 108
49 -9
25 -51
-34 -10
75 19
-78 96
-22 51
-79 -31
-63 52
-86 101
51 61
-62 -48
41 -51
44 -62
15 100
-19 -88
-44 61
68 54
15 -13
47 -38
22 -73
46 -90
-8 19
69 47
65 80
108 -60
64 68
86 -77
1 -78
-49 103
99 32
72 -46
80 -41
-5 57
1 -88
-75 71
92 -32
7 -77
66 -77
31 -83
109 71
-44 81
17 17
44 28
15 49
45 59
6 58
-73 -50
97 -11
-29 -88
-77 12
-71 -29
1 -38
-61 60
40 -69
42 15
5 -11
0 -63
-50 9
-17 40
51 -89
83 101
-90 -5
-20 22
38 -15
40 -58
-48 89
74 50
3 26
4 43
35 16
-55 16
15 70
40 1
12 -41
-79 6
9 100
-18 81
31 -24
-31 42
31 88
59 62
1 33
-44 44
-39 92
-76 105
57 87
62 63
-38 97
-41 -5
-68 65
12 40
-60 -41
31 -28
60 -32
6 -21
62 -45
84 23
-14 -74
-68 -84
-80 61
65 106
50 -65
79 -13
-76 -11
-84 2
-15 91
-30 101
81 -64
61 -60
-37 -21
85 -45
-16 85
99 -58
-21 -46
48 49
22 48
12 -45
-32 47
95 -33
28 -73
2 -33
-60 80
6 -59
-77 1
-78 65
-6 14
54 98
-74 -76
63 88
45 64
-73 23
-80 -33
19 -30
-76 103
-59 77
77 -68
105 33
30 -69
101 82
46 107
31 -61
-39 -32
-77 -30
73 97
107 -19
-47 32
92 -43
86 -47
31 93
-10 -76
-40 69
100 -28
64 66
45 3
15 -36
-18 54
30 107
-62 4
51 38
5 106
-3 36
-17 77
-85 -68
-54 -3
31 50
103 -28
42 88
55 -64
-54 62
97 -45
21 21
69 39
-13 90
97 17
7 -35
32 10
57 70
98 -88
-13 -36
-7 -21
43 -2
68 -71
14 7
-33 -40
-90 -73
94 98
55 1
-43 -85
-68 79
23 55
88 58
-50 -15
-46 45
63 86
-8 -6
-42 -62
91 -49
-76 11
-29 -5
82 -33
-6 88
-56 -13
-49 22
-57 56
-9 57
62 49
-80 32
40 66
73 -75
42 -60
-3 -18
37 -67
33 53
10 -51
-34 43
14 38
-87 -56
44 -56
48 -79
7 39
44 -88
-87 24
-77 16
6 25
-57 -30
66 4
-18 48
87 83
17 106
53 40
105 -48
29 -14
49 36
25 105
55 -50
-13 -82
50 98
65 32
-78 1
53 84
-29 6
109 97
-3 83
107 -26
72 -62
-61 38
-41 103
106 -13
-49 109
87 -12
84 -21
46 27
79 -15
-71 -67
-68 17
32 33
59 27
33 79
91 -59
45 -27
-73 53
-34 13
2 -16
43 -76
58 -48
67 -34
46 -89
23 65
16 76
-82 -37
-58 37
108 83
108 -28
-49 54
-50 -63
69 -45
-28 39
-8 89
72 -9
73 -7
14 -78
79 -16
70 -52
81 36
41 105
-73 -77
31 25
102 -34
4 86
51 20
7 36
43 -73
6 73
80 76
90 -41
51 59
64 8
0 4
64 7
-64 103
69 56
-80 -24
-24 0
-16 -6
2 -89
37 92
10 -79
84 20
21 -19
25 43
-7 108
-65 -72
-56 -63
94 -81
69 -63
-63 -13
87 51
-19 -86
-28 -36
71 28
-29 -4
10 22
-82 -17
-31 43
52 72
95 61
80 33
65 82
44 71
0 4
5 -14
74 59
-24 17
26 -85
19 -73
81 15
-72 70
-30 8
-59 -88
91 106
-18 -29
45 -59
-78 37
87 32
-80 69
-6 37
-11 17
89 108
-67 60
74 96
16 75
64 103
74 35
32 -5
-62 53
-47 72
-40 -28
-72 -20
98 45
-72 -20
45 50
-25 0
-85 19
26 57
16 -14
49 -31
-34 15
63 -1
89 -22
108 81
56 28
83 104
-55 -46
-27 -49
73 -24
-6 33
78 81
-23 18
74 -4
-51 -51
-12 -51
1 49
68 5
60 24
-31 68
26 60
35 60
79 35
-65 56
-45 103
21 56
-22 52
-68 39
-16 -13
-62 -70
82 -75
3 37
-81 38
-49 -74
-40 -76
49 47
49 -29
-56 -80
94 31
-46 56
7 -24
86 -16
11 -66
-76 30
51 34
-22 -5
-79 29
-2 2
-79 70
-39 -80
84 31
22 22
-30 79
-49 79
45 61
-23 -59
16 59
-4 -6
-23 104
7 95
-68 -12
91 -52
42 74
75 -53
73 67
-14 45
37 -51
-6 13
46 -23
105 -43
90 -34
-53 67
64 0
36 11
40 74
97 -14
25 -12
-11 66
39 -77
17 89
34 -21
67 20
-75 -1
55 7
2 66
61 77
-39 1
-32 -23
46 45
101 0
-74 66
-74 19
54 60
-59 105
74 30
48 -35
-75 71
-21 68
-27 -60
-8 106
97 -32
3 51
42 61
-26 -40
9 -28
48 91
14 59
-22 67
52 -7
55 35
98 -44
-42 49
-68 -88
87 31
16 53
83 -22
92 69
103 84
-20 -51
-43 -62
-66 66
-83 33
108 62
-54 -39
57 2
-40 58
22 30
81 87
90 55
12 -68
-76 70
-21 80
-89 -40
81 -23
-34 36
88 41
-13 -76
95 -80
98 49
-76 -37
62 8
-12 49
-13 14
-8 101
-78 -8
3 -25
43 -53
105 -51
2 6
-31 -63
73 -72
18 39
94 27
-90 75
51 4
-44 -24
42 -82
56 85
104 98
-44 68
55 -26
-87 -88
-36 105
101 -34
85 81
-57 -75
-2 -85
72 -6
-90 76
-51 9
-24 87
-14 3
1 -5
-46 95
40 36
30 27
-81 48
-42 85
59 -86
-19 108
66 30
4 8
-38 94
-57 -16
-49 58
55 -24
34 -90
79 60
-77 94
75 -65
72 2
-4 58
103 104
68 -90
22 28
-31 43
-71 98
62 34
3 98
59 -81
-45 -48
98 68
-29 -68
-63 27
-68 28
74 -59
-73 22
-51 -27
34 -22
-26 96
23 10
-17 104
-49 15
55 107
-17 64
98 -25
-75 -12
66 97
-13 93
-27 29
84 -8
104 12
33 37
83 72
52 87
51 24
-72 -89
-48 82
34 -64
-4 68
-1 -5
44 -42
-68 -47
78 -49
-77 6
-22 -25
75 104
12 48
-12 56
5 33
-80 -11
-50 11
12 -1
72 -57
-89 37
91 -2
-25 42
100 -17
66 106
-36 -33
-60 101
-7 -42
3 -65
-74 -69
37 -4
81 -63
-51 83
48 62
4 77
-22 -84
98 102
-63 16
-67 18
-62 95
58 -64
-81 89
-76 -32
102 15
88 98
67 -6
60 39
92 63
98 -50
80 24
46 100
96 15
30 -23
-86 86
-30 -24
-89 -41
75 24
-62 -55
100 -86
56 -62
-29 -15
9 29
-42 -14
-81 -26
-2 72
39 -36
-65 67
65 98
-40 -56
-86 -89
45 -7
-49 -24
30 -21
-69 -11
-39 26
-8 97
34 -46
-37 12
-21 29
-39 90
36 -35
-2 60
96 -25
85 44
29 47
66 50
-30 10
-3 -62
104 -10
33 -81
47 73
25 102
-11 101
98 31
-69 63
-61 -13
-57 52
79 108
10 -72
3 101
14 94
44 0
7 82
-59 -38
59 20
75 96
-82 63
72 45
-54 10
105 57
-73 -27
-34 -33
-89 29
-76 -28
-72 -73
100 82
-23 69
-64 -37
-59 -59
-9 33
-27 -37
-61 84
-78 42
32 108
42 -21
11 -59
-67 18
-80 97
101 -67
103 -45
27 73
33 51
-46 71
-65 70
-65 -8
-45 -89
40 100
-19 70
10 -77
19 44
23 10
-12 -73
-39 27
43 53
-49 -25
103 -36
-40 -23
-4 -80
39 -50
106 -22
-30 74
-13 82
-86 -41
95 -10
107 105
47 11
-12 1
103 51
-15 -79
34 -17
-28 105
83 -84
43 -13
84 15
-25 45
-23 94
53 57
-78 100
-50 57
27 69
-84 -78
70 65
73 -79
86 6
18 -74
-20 12
-56 46
60 -46
-3 22
-63 61
-69 102
103 102
87 109
-46 107
-6 90
-35 49
-18 -70
-11 56
-10 102
-83 68
15 -37
25 74
77 -88
-29 -59
17 79
100 3
-32 106
-59 108
-56 87
-51 -17
-7 -89
-25 57
-76 -40
95 81
104 88
82 -80
6 -2
89 89
56 43
-12 -8
105 81
-86 7
-41 -12
48 9
-32 16
-88 53
-75 -11
38 24
-20 66
-84 -70
-42 -56
-86 41
3 42
-7 6
14 59
7 102
49 68
-67 -73
87 21
-35 -76
-70 106
-44 -3
33 10
-5 73
19 71
39 -88
-87 22
78 59
-79 3
6 -54
36 20
37 2
60 71
-8 -59
59 6
62 21
56 100
17 66
-32 92
-19 -21
105 30
103 23
108 52
7 -73
-3 78
-83 -63
70 -46
-11 -81
3 -33
13 -49
-29 59
83 90
-33 37
-58 -38
-36 58
-83 -27
70 -2
-20 89
19 53
-76 6
81 98
-56 7
-88 37
11 107
9 56
-46 -3
21 4
33 -19
-34 -66
-45 11
75 -21
-63 9
6 31
-49 -44
-44 1
-6 49
58 -16
20 80
14 -54
-13 -3
-53 65
54 -64
17 -20
75 72
56 93
101 8
85 -63
-84 -62
-76 -15
57 -19
88 25
41 98
-18 -23
63 -17
54 -53
-46 -62
-58 -77
-31 -32
-20 -38
1 3
70 1
83 67
108 -61
85 -85
-26 -86
-70 -53
-20 -2
58 -3
33 -81
43 -57
-1 11
-29 -19
-4 -29
-87 73
32 86
52 39
84 -57
82 2
16 23
96 -47
29 81
41 43
14 -89
31 -43
-85 -29
-8 -53
88 60
57 -14
-83 14
40 5
65 -50
87 -23
-26 -7
-37 15
38 -18
-14 -82
87 -59
24 84
60 49
64 -16
97 -15
92 -84
6 18
22 84
-31 -16
61 66
15 -20
-32 -33
2 -36
23 93
37 -29
100 -24
-22 -74
-78 83
-12 -79
47 48
77 -89
92 1
-34 -56
82 -28
-84 -30
-37 -68
53 78
-34 66
-80 27
-31 -36
83 -15
93 -34
46 -41
18 -6
49 31
109 63
-21 -35
24 4
2 13
-50 -74
13 -77
-72 -59
66 -26
105 44
-32 -22
35 -46
84 -75
24 76
-12 -54
-69 73
-72 -20
-57 16
-58 -13
-90 -44
-67 81
44 40
57 81
3 -73
12 101
-14 46
16 14
97 -89
-12 -75
88 96
101 -41
-34 -81
80 26
-86 62
-51 -34
-9 107
-19 -23
-42 30
-38 -70
-55 45
2 56
-3 47
-59 -8
-50 105
-61 -87
31 31
-56 62
27 74
6 38
-1 104
-34 -47
36 -13
-71 -77
-84 -12
-10 -32
68 18
53 15
-12 73
-32 53
24 13
-71 51
-25 -9
68 -65
19 -54
-55 -58
-88 -19
109 96
46 99
-5 -25
13 -17
-35 8
-7 80
-86 -47
13 35
-36 -69
98 61
39 -46
12 93
-14 78
-64 -55
-10 51
9 -48
33 104
-57 100
-43 1
-30 -49
-25 -65
49 -19
-70 51
27 60
104 38
-20 79
76 -77
61 86
61 -42
-33 92
89 -17
74 62
74 13
33 -3
14 -42
25 35
-88 -56
32 -62
-74 100
-52 3
-10 -56
102 104
78 -50
42 6
-74 27
9 9
53 -54
106 75
7 -59
14 105
37 27
69 -75
-19 53
-57 -47
-34 -64
-82 -32
104 26
10 74
5 88
17 3
73 -87
-55 -36
31 -44
2 -38
57 40
-75 59
78 101
-20 69
54 50
16 9
-40 -45
-82 1
104 -47
-84 98
-90 24
78 25
-14 -52
51 102
-38 50
26 108
-55 -6
33 90
-66 96
100 -24
68 100
105 -3
102 -70
95 19
5 16
4 30
-44 67
46 51
-77 -7
11 -15
84 84
60 65
89 -68
6 91
-31 -15
-59 41
10 48
-26 47
70 25
93 67
76 -69
-66 96
4 -38
92 -9
38 105
2 -27
-32 14
92 -67
-4 -28
80 -38
21 18
-89 51
-53 -41
23 -42
70 10
81 53
61 57
-49 77
84 15
76 74
-13 108
-39 108
102 79
1 101
-57 106
89 -53
94 94
10 27
-45 -20
67 64
-69 98
68 1
49 86
44 -26
-45 31
40 -72
13 2
8 25
61 29
108 49
41 44
-70 -42
-69 -81
9 -46
79 -88
13 101
-12 27
-67 86
95 38
32 49
-82 -8
-40 85
38 -15
48 29
21 74
-52 60
-59 -54
-21 68
-76 30
-32 -34
9 11
108 105
-56 -5
-32 108
-69 31
5 35
60 39
-63 46
-72 65
-80 84
28 61
-61 92
62 -55
-45 -45
98 -10
7 65
-1 -26
-35 -83
-28 -71
-41 57
20 -21
-21 -62
-71 98
-75 -57
-9 -60
28 -68
71 78
60 -9
-57 -10
86 37
83 8
-4 57
4 -82
50 31
12 33
-63 -46
-11 65
-55 52
87 16
85 -43
84 -68
40 36
87 76
67 98
97 25
-9 -44
7 101
84 3
-30 88
-43 -15
8 24
0 -51
40 -29
-17 -71
33 63
-52 48
-2 18
38 -38
-48 70
-72 -60
86 81
-74 65
68 -46
24 97
-42 78
72 71
-46 53
-88 77
10 -4
39 22
-73 44
100 61
69 -35
47 -86
75 -25
-39 -70
-62 94
-5 26
2 -13
27 59
109 -63
36 -83
9 -19
41 -38
72 -1
-84 -44
83 -64
3 -43
-53 19
47 -36
-51 -8
87 101
37 83
-34 -29
31 6
-43 -82
-14 -48
-21 -34
24 -34
-41 -15
53 -74
-86 102
82 53
60 108
51 -32
84 13
22 105
57 15
18 2
-4 93
87 104
65 62
58 78
57 -17
-76 -66
99 48
65 17
79 -34
102 -78
-71 94
18 -67
18 -14
-81 97
-90 -79
-38 98
9 72
63 -65
-62 -44
90 -86
91 83
27 39
-6 -14
-41 57
43 58
-36 -4
-56 11
49 -65
106 23
-54 -59
26 -22
-68 1
97 -65
-26 83
64 67
9 43
-78 94
-33 -37
-86 -56
76 46
-85 0
50 103
-87 81
0 -40
-43 68
-42 49
-8 -27
-73 56
-2 3
-55 -31
50 -1
-42 -26
27 -53
-39 -52
2 84
-46 -62
84 50
87 56
6 -73
-66 81
-66 50
-11 -55
22 49
-42 -3
-64 98
102 55
-15 -71
2 48
34 -81
-7 61
-56 -10
-78 84
-39 -75
75 -86
-42 -79
76 -73
21 106
10 -88
-86 52
10 -21
-88 50
54 -68
15 -89
-46 106
-71 -11
105 86
16 -81
3 78
-59 -20
-44 -9
-4 82
88 -2
105 -53
15 43
-59 22
-52 78
-52 -12
-77 83
-53 -28
-1 28
19 13
-41 68
79 49
48 104
-74 -31
-12 -90
79 -24
-44 39
71 20
-74 19
-4 88
92 -81
54 66
91 45
84 107
-8 97
46 -52
0 102
-6 -59
93 41
-52 -69
-21 68
-31 56
-15 -34
11 56
2 70
-46 -57
37 16
-57 -35
29 -84
23 69
14 106
-70 12
71 -43
53 65
88 -18
-61 4
51 67
47 -74
26 33
-38 42
72 -39
23 27
-15 -51
20 55
19 38
48 -6
88 8
75 -45
26 93
63 50
94 59
-9 10
-88 51
65 52
11 -72
-66 31
76 18
-8 79
75 -43
-69 -51
-31 35
35 77
66 78
80 46
1 50
19 47
1 98
106 -61
-14 100
25 -78
-83 47
72 -84
-70 -40
21 -51
60 45
7 -75
-16 -18
-81 12
45 81
68 -32
-68 105
-20 22
-3 91
55 38
-60 70
-10 -78
109 26
38 -79
24 -42
-3 55
59 -32
4 10
86 -36
86 -32
90 31
-25 2
22 -19
85 98
37 -88
99 -62
-8 -40
50 55
0 104
15 -1
67 -76
-61 -89
-39 33
83 93
-87 100
-54 53
18 -57
107 32
83 -61
-89 -21
106 -35
79 -6
-45 -1
7 -84
-89 84
8 -44
57 100
-45 66
-51 -14
-45 -24
-43 -43
-60 26
-28 93
101 -56
-81 -4
74 46
50 83
102 5
-26 41
89 -3
-65 38
42 4
-10 -41
62 7
-61 87
84 64
15 -15
76 74
-4 64
-81 74
109 77
104 48
-30 46
93 -6
-10 -12
85 27
-55 60
-41 39
-12 -24
92 -22
6 -53
48 -32
43 -72
54 -32
36 -46
48 -31
36 -54
40 -56
96 -82
-21 79
97 64
72 -83
18 56
42 36
-21 42
35 29
12 39
-62 -89
19 -28
53 26
-37 -8
80 85
-45 15
26 -38
15 -35
60 -87
49 105
-14 30
78 -38
8 -14
-33 79
43 67
-38 -11
-48 -45
17 -67
-32 -13
27 -73
75 42
-38 99
-3 60
93 78
-45 49
-36 -75
32 101
-77 57
-88 53
-34 41
92 -86
-46 -54
-16 109
-61 83
-47 32
-52 -57
-28 29
-16 -2
32 -65
-61 41
-2 8
34 50
-83 10
2 -66
-26 -60
-9 -48
66 97
19 34
-82 -12
61 -79
6 -22
-66 -16
-63 -8
-63 17
-38 104
31 66
101 28
53 58
11 100
107 -35
75 72
-60 38
2 82
65 78
-30 102
-15 -32
-17 22
-7 47
58 -19
-9 63
-59 -66
-84 37
101 -1
15 -42
-65 101
-35 -60
-62 -12
-39 70
-31 -51
6 83
-51 90
34 6
-84 107
-38 6
97 -52
-39 -82
-72 61
-63 -70
-49 -28
-33 -79
-22 -19
-17 78
-68 -13
-7 75
10 37
10 31
-63 -35
18 19
12 62
77 -68
-32 -19
56 -59
-66 72
31 -69
-46 22
-11 -23
2 -47
27 30
103 11
-82 44
108 88
-51 68
-19 54
-48 -47
109 -43
-78 -36
-46 63
3 71
-63 -31
35 60
71 97
47 -12
-78 8
-38 37
-35 97
4 56
-84 72
-67 -9
-89 3
90 -34
63 -76
-48 -47
-86 46
67 -32
18 -25
97 7
9 16
8 -53
-12 -3
85 105
-2 75
-1 79
83 -22
74 26
-20 14
-65 -2
-11 -4
109 46
73 -83
5 -90
33 97
82 91
64 101
-53 57
107 104
33 9
-30 -17
84 7
-65 14
30 30
-66 40
18 -34
19 -65
-74 -75
94 72
-10 -5
-6 70
-55 -80
13 -33
-67 -87
-66 -11
-50 76
102 -90
5 87
0 9
71 77
-79 -90
-48 -57
-54 72
54 -90
57 11
107 83
-55 -70
-16 -3
-18 65
30 17
-55 86
-17 -42
95 -81
36 -18
-30 -7
30 102
-78 6
-20 -55
79 70
12 -29
14 56
-66 -51
-9 -28
-44 40
-12 -9
108 52
-14 102
-2 20
-61 -2
-23 -22
-84 88
23 -25
90 77
-52 -4
39 38
77 -40
102 -71
-40 -70
84 -59
88 93
38 2
107 56
-58 73
7 -49
-81 36
-61 102
58 90
-49 0
-29 20
73 69
32 61
15 94
49 -58
75 83
-71 64
102 3
35 93
-19 14
78 -37
-86 77
-8 50
7 9
97 -27
35 -3
88 40
23 28
-21 97
104 -52
51 86
67 -20
27 -8
72 66
82 -25
-76 4
-75 26
-3 40
-5 -10
108 -78
105 106
94 104
22 -19
9 -83
13 -71
23 92
-3 41
-33 60
-89 -39
-33 25
22 75
33 -29
93 91
72 13
85 -30
44 -60
-5 77
-38 84
92 -62
56 -27
67 -80
-24 3
30 -80
-63 -9
22 -31
-47 14
102 33
23 52
22 40
21 43
-23 56
7 98
-41 25
-60 -38
89 -27
107 -34
-37 83
63 74
71 76
69 -32
17 -69
-72 -90
-53 -75
-11 101
0 -39
84 -74
-88 90
67 19
88 47
67 98
23 9
-62 33
102 62
52 84
70 -40
-51 -45
88 94
64 -29
-37 51
-81 102
16 -29
11 -65
18 24
40 -50
-7 107
48 -71
108 35
47 40
26 -32
-10 91
102 -27
28 -79
-84 -31
22 -48
41 -63
-62 79
90 77
86 76
63 67
4 95
41 7
84 -8
29 32
104 66
-84 -12
-33 -38
10 -32
71 48
-32 70
84 88
-7 59
-87 -2
46 -29
-77 68
28 -90
-50 -19
-44 -54
53 84
18 12
-20 -44
20 -77
-39 92
-89 81
44 5
98 53
65 -31
-56 -12
-78 35
46 12
-66 71
-6 -11
-83 14
44 6
7 68
5 -24
-14 -79
-27 41
31 -3
-36 72
-39 94
-50 80
-67 -76
7 -38
36 109
76 -49
-42 -63
-54 -60
-88 -10
-27 46
64 43
28 -57
77 58
-58 -42
38 -45
-33 50
36 80
16 67
91 -68
108 -31
-65 107
104 -4
-75 95
-45 -32
85 98
19 -50
-11 40
70 -24
47 50
29 75
4 5
-75 -54
41 -81
20 55
50 14
12 63
-72 -7
57 95
0 3
10 -27
-45 -70
82 71
-72 99
-16 -36
-29 -17
-75 -9
69 -35
-47 -6
75 92
-2 -36
26 -37
-84 -56
-68 -64
100 -64
-35 20
109 -59
20 -80
40 50
27 108
8 86
-52 74
-17 -80
-25 -65
18 97
-21 -79
-54 -85
20 -14
-6 -88
51 70
-58 -27
19 42
7 33
40 104
-68 -23
12 -54
108 64
8 78
-56 78
49 -3
-44 -44
61 -18
92 99
-42 63
-71 45
107 -9
3 -61
8 -84
-11 -27
99 -32
-41 -17
-40 2
-76 -7
76 83
0 -1
109 -35
52 61
46 30
59 -70
-25 -49
-47 -76
47 -21
-77 -49
-61 45
-31 57
93 77
-2 81
79 -46
60 63
-50 100
62 -66
-56 8
97 -81
7 56
-67 6
-75 69
-5 103
-48 11
12 -30
75 -37
77 17
-32 52
-46 -86
101 64
27 80
12 15
103 1
3 75
-71 -54
65 95
-45 -69
100 25
34 -18
-85 36
11 -21
30 72
-16 12
68 42
104 -51
45 97
-16 -16
11 -65
-21 78
91 -28
-24 -12
-8 67
3 52
8 21
20 89
41 -76
-78 85
-52 -48
-31 61
60 81
-59 84
-30 28
31 12
60 49
22 -10
-59 -34
5 -37
52 18
-1 28
40 -8
-38 -50
-35 -48
-71 -48
10 -71
-13 -17
-88 -3
-5 -77
46 -78
-81 77
26 -7
42 92
-81 23
-49 -41
10 18
-69 36
-17 10
87 -49
16 38
-67 29
28 72
106 -75
98 25
62 29
-50 79
-38 -62
-6 14
-39 4
-78 108
7 43
-34 39
-71 42
43 106
34 -87
61 -84
-26 39
46 72
-63 -19
10 -89
-89 8
-30 95
39 -69
52 80
96 27
-43 -34
50 7
88 -80
-53 42
84 106
16 42
79 -52
50 -43
82 65
18 46
82 7
7 64
-24 11
0 -8
-74 104
-23 20
100 -34
24 67
-69 -84
-83 104
-2 52
19 86
-83 108
98 19
50 22
34 -12
42 39
-62 -60
22 36
-53 -13
-35 -67
7 -52
12 2
106 -60
88 18
-30 33
20 -90
40 -25
79 39
-13 25
84 0
80 30
36 -73
-77 -26
89 -66
30 56
92 10
-54 59
29 -31
-68 -73
-44 0
-67 27
93 87
49 24
29 86
-69 33
-30 -22
-25 50
-24 99
24 -63
-35 37
-11 54
35 104
-7 52
45 0
-8 91
-15 26
35 60
107 -23
37 -41
80 14
-87 -90
22 106
-41 109
-88 -57
62 99
82 25
-35 66
-8 -56
24 -81
-68 -14
-70 -84
-49 -56
44 -1
40 106
-14 -85
93 -67
-44 87
-2 -62
76 96
102 12
16 -72
-57 -24
-32 -73
-76 46
-89 -64
-73 -75
-21 -46
53 15
75 -22
93 50
-29 85
82 78
94 79
22 -61
100 62
30 82
-81 7
-14 50
-81 -61
5 -9
-53 31
-2 98
85 -14
83 85
64 -44
87 69
31 -36
-56 19
-14 45
71 104
24 -48
70 14
86 63
88 -1
44 48
94 11
-21 -52
43 13
58 -80
89 57
49 23
12 -67
-71 42
-69 78
22 94
75 73
77 -57
-30 28
28 57
-86 107
84 92
9 89
-44 -66
-66 106
77 -48
38 -18
-28 64
77 -46
11 22
-80 -41
-3 -16
75 50
-63 51
76 76
-43 -23
-85 40
70 -31
58 21
88 11
11 -1
25 -88
24 18
94 -8
35 79
-3 -27
-19 61
-18 -20
98 -4
-23 102
85 88
79 -84
0 35
-35 39
9 -31
23 91
30 -47
3 -57
-80 -83
-70 -38
16 -41
60 105
38 -80
-31 8
89 103
35 -78
-54 36
8 -13
24 -44
37 41
81 -68
-15 -39
73 -32
46 -75
-83 -17
44 60
36 45
37 61
19 -50
-8 60
104 -66
-18 -31
-47 -84
79 -36
-23 5
-3 20
91 109
57 42
75 89
82 108
-7 11
41 -59
-26 34
108 83
-87 74
61 -84
108 -31
36 70
-90 40
104 -61
-73 -5
-32 -83
-69 42
13 -5
86 16
19 64
-12 -50
-62 -13
2 43
101 -56
-39 -47
-15 63
-25 106
-81 -81
64 70
91 -37
-28 -4
58 -23
-12 78
-15 104
-61 -55
62 90
25 -84
18 104
23 -80
-14 26
-2 14
-79 104
107 40
-51 24
-50 84
-77 83
24 88
-3 39
26 55
-32 -78
-66 -51
101 54
3 -12
-18 74
101 -68
-14 14
-69 104
34 -7
58 -54
57 -69
5 -40
-38 -86
-63 23
35 77
87 -24
9 -88
-68 47
41 74
45 80
-70 29
92 -81
71 45
-72 -32
53 -7
15 47
86 -90
24 93
32 63
66 -83
-5 -84
109 -79
-87 60
-59 -87
-51 35
99 13
-17 90
101 -14
-25 -48
68 -79
82 -70
6 -27
-84 20
26 90
-45 -79
-74 -72
-23 5
-33 34
102 70
97 56
-9 41
-30 6
9 57
-47 -28
-42 -7
-73 15
-63 -16
37 -73
10 -30
106 -6
-12 45
38 -73
70 70
11 32
0 -65
-53 -7
-78 31
-7 -79
70 -52
71 -24
-58 45
-57 103
97 -4
-16 -80
-75 -13
-31 -6
-34 25
60 -69
-32 50
76 -74
11 70
-18 87
48 54
24 31
23 66
39 -8
11 53
40 -30
26 -65
-17 31
-89 -67
16 77
35 77
-81 -12
92 -66
109 19
-86 -49
86 23
-75 15
-60 103
-13 -65
60 -88
64 -24
43 5
-66 -73
85 -24
-82 29
13 18
-90 -71
47 -68
5 -69
24 46
-14 -50
74 96
-10 72
16 26
-48 106
-50 92
-46 69
17 27
94 -86
9 -57
85 -24
62 26
97 -13
76 -88
95 53
106 -54
-86 -15
32 -25
-70 -50
104 -37
-52 -25
23 2
-3 55
-9 -55
80 47
34 -24
-70 39
-38 80
80 74
47 -63
100 0
62 -83
28 -81
102 -21
-82 -29
-71 -57
-59 64
-4 9
-60 -49
98 -39
-37 4
7 52
-87 -6
-77 -69
-55 -71
59 44
-10 -35
-21 99
62 -3
57 59
-47 -47
69 101
-30 39
99 94
-24 77
44 76
-2 -90
-33 -31
79 107
42 -76
42 -24
-21 -72
1 -78
-14 -88
-17 37
-44 -69
40 -89
-90 80
83 1
67 66
44 95
-87 88
85 95
-64 -67
86 -84
5 27
31 4
-72 69
-30 14
-60 -23
57 -86
-31 40
12 102
103 56
11 79
58 47
59 73
-48 67
33 99
81 6
33 -44
73 85
-41 -56
102 -40
-60 62
-36 47
-64 -24
53 104
41 -1
-43 -25
-89 19
-45 -28
-18 -65
45 35
-71 23
79 -20
25 88
-43 -68
39 16
-13 43
26 -62
51 15
21 45
42 -51
-36 -11
80 33
104 -19
-22 11
-36 -51
-19 -36
-64 53
81 47
32 -12
91 17
53 75
6 -31
-8 -1
15 21
-37 32
8 -58
14 -30
105 -89
83 109
100 60
31 -89
51 91
-2 -69
-77 69
-3 76
24 49
-66 -42
-18 16
-39 -85
105 -49
21 -53
-28 52
44 0
107 66
-8 -12
19 -87
0 -13
-3 48
15 -85
49 4
-56 -44
-55 92
100 -60
-43 -46
-3 25
-49 -77
-36 44
-54 25
28 68
-14 77
-78 92
-90 -7
-48 92
-83 89
-90 -85
80 73
-6 59
-4 26
32 -48
97 -22
-38 -52
-46 95
103 -80
-73 -44
-30 85
4 6
-60 -59
60 -89
34 108
77 -19
33 -71
-70 49
-41 54
8 88
24 -90
-2 -79
62 101
87 -85
-58 23
-14 27
-20 -57
69 -38
78 -57
-30 49
-9 95
-6 49
-37 -86
106 35
-48 -77
-21 69
28 -83
70 -2
17 28
26 24
-31 55
-44 90
20 -78
16 34
87 79
38 57
-73 1
-81 61
-11 58
36 -71
14 58
11 53
19 93
-55 -23
8 109
-22 86
19 -81
67 90
30 -1
-23 -22
10 66
2 90
106 -64
35 -38
-12 59
60 -3
-50 -74
-66 30
-28 -56
1 -37
97 74
92 -59
61 77
107 -78
51 23
45 -16
32 88
-69 -54
103 71
19 107
80 17
95 65
-70 -47
8 -45
35 87
65 -69
-14 96
-74 13
75 75
-10 -14
19 78
-28 21
-73 85
-59 -51
46 -44
86 -61
70 -14
44 92
23 89
46 83
-21 46
17 -83
-8 82
107 89
68 65
-32 62
43 107
74 3
108 -77
-23 -70
-80 76
20 12
-71 8
50 -16
-19 81
-57 22
-60 -13
-10 51
-88 107
-79 84
40 -21
-9 75
-51 -65
52 -44
56 18
88 -13
9 68
79 -90
62 -5
-52 -44
-29 52
-52 16
-52 -52
-69 7
-44 -27
-7 78
-14 -6
102 -16
93 102
-56 -19
-75 -13
-63 -4
72 -68
-78 39
101 80
62 46
-24 36
-74 -40
45 74
-32 96
-63 -20
90 -75
-23 55
53 -27
70 -41
9 -2
17 37
105 34
-55 28
-2 -21
-18 74
100 37
96 -76
49 80
-65 -78
-71 -24
-56 105
76 34
25 -46
101 96
98 58
8 -15
-87 54
22 57
8 31
10 6
54 12
-36 50
97 -33
-30 102
-24 -20
-53 83
79 50
23 66
-86 22
56 22
29 -56
87 7
13 82
-16 -33
-79 -6
101 -58
50 -15
-86 -69
88 71
32 -4
-28 -52
-65 97
-76 23
-85 -50
-1 -78
104 -90
47 35
-1 -51
24 -71
-70 52
8 18
-16 80
-76 32
28 108
61 105
42 81
-47 -74
79 -82
91 89
75 -28
47 42
65 64
-40 5
-59 -83
-7 -67
-71 -27
100 92
82 -67
51 -54
-90 -68
-61 -15
21 -80
32 5
-11 -69
15 45
88 6
-81 79
-62 -54
-86 55
-59 -64
60 -74
76 68
-90 -75
-5 -42
49 -74
-1 36
55 -17
27 -67
-37 92
-4 51
-4 -3
34 34
-24 -64
9 71
31 0
51 -69
16 96
-1 67
-28 21
-9 85
-69 5
-10 100
78 -73
79 -67
63 -56
90 -34
-75 -47
56 26
53 45
-47 101
43 8
11 -21
45 53
88 -69
82 54
-13 -75
19 43
27 -16
18 -41
16 -85
-76 66
-41 61
-26 -75
6 50
-36 -31
-22 -83
18 96
-61 -37
94 -20
103 29
-87 -35
69 22
-32 -89
24 33
79 -8
26 -71
-33 -41
96 -42
92 75
57 77
105 56
23 -50
44 -29
45 -82
89 -33
-5 -8
102 -67
96 0
-20 -73
86 -41
108 -22
106 66
-58 30
-11 50
-63 47
21 19
-3 12
46 19
-35 28
49 57
90 100
-8 -77
21 49
19 -84
-31 -13
105 20
-26 -48
33 -41
-9 88
70 53
-8 29
-85 -14
-53 98
-57 -90
-89 86
13 -11
50 -25
58 -81
64 22
-3 43
67 82
-62 -67
-76 -34
-26 89
12 90
47 57
79 -4
-90 49
-46 -4
41 -62
-63 72
2 74
93 75
23 89
-45 102
43 -35
-61 68
-26 -16
56 45
-38 78
-48 61
50 -48
-49 -11
-77 15
-32 90
-81 85
9 69
53 -73
-51 -87
-54 46
18 94
-25 53
-87 -3
-62 24
108 57
-68 -60
-24 -66
63 17
-65 -41
-36 -38
-65 -57
16 -27
68 -35
94 24
77 16
-60 12
66 -12
-57 -2
-53 65
11 77
-28 -60
71 34
-57 -57
-29 -79
23 31
43 -21
-83 57
-45 54
-61 92
65 36
76 21
-77 97
-49 -69
17 -9
11 -19
66 0
-46 107
-14 -28
44 -84
64 69
87 31
93 39
14 -57
-85 -53
13 18
78 -56
-63 107
-50 12
-78 -21
96 60
-50 67
-58 82
102 16
39 -13
-48 -39
65 0
-84 -12
-35 73
-87 88
-47 94
66 -48
81 79
94 -15
61 -83
-72 -53
58 -55
91 -58
-26 17
69 70
-8 67
95 66
-61 -58
-87 10
33 44
59 15
81 -62
75 -25
-50 97
29 -66
74 57
31 64
-14 -52
-58 37
-35 -71
-64 86
-78 -84
-5 -26
-85 50
104 -45
-21 36
-1 -20
77 -39
67 77
-63 -86
-82 55
-10 -84
-27 5
45 94
47 -42
-68 -30
-72 -68
74 -43
37 -81
-35 -6
73 -52
53 -32
-80 88
14 85
8 -35
59 93
88 22
-37 58
36 -88
-87 33
60 -37
17 -25
13 -63
61 107
-78 37
-51 14
102 -90
-54 -35
-35 -56
38 -67
-56 18
79 -90
22 27
-28 97
-6 32
-2 55
83 -56
4 79
-36 12
50 -61
85 86
-29 -34
29 -85
-13 -9
-81 -28
-74 -21
-69 -79
86 -53
83 -53
-58 53
6 15
-87 46
-18 26
60 40
40 -35
31 37
-10 -33
1 -3
87 43
-88 62
-81 -35
74 -58
28 -55
15 -11
25 -80
69 -86
73 -73
97 -26
88 101
106 70
103 44
72 67
-1 -18
82 -81
-10 86
4 16
12 -26
79 73
95 -76
-57 87
60 52
-58 26
74 -37
70 89
-77 -86
-77 -42
50 -51
-78 -65
24 108
91 54
-11 64
6 23
-17 84
91 98
44 92
-84 96
-67 21
-88 -82
58 -69
56 4
-71 97
41 58
-65 -57
-48 -55
-69 -2
61 -57
45 57
-24 88
67 62
87 71
-49 5
59 68
97 -21
-39 66
92 46
-81 37
-81 -28
-26 87
-50 109
81 -85
74 72
96 99
-53 55
11 99
-16 21
65 -67
-24 48
-31 40
84 68
74 44
-56 88
53 -53
-85 60
-1 -69
-37 9
-56 -60
43 45
61 -21
4 12
58 52
-71 -39
-13 -32
49 -4
9 -49
72 52
-6 41
-37 6
40 66
-42 63
99 97
41 -81
-22 -48
92 53
9 92
76 47
-59 -47
-33 -25
89 80
-51 92
-72 -17
104 -34
-40 -27
26 68
1 -84
30 -53
93 67
-10 -4
-89 -7
19 59
-16 -79
26 -66
79 56
109 -81
74 33
-22 -87
-45 85
-75 25
36 16
-18 -18
-39 67
18 -81
92 -34
39 14
91 49
75 -3
99 102
-87 -30
28 -31
66 -69
6 99
52 47
-1 13
-29 -14
55 5
-79 30
-52 55
-88 -62
-26 73
-10 -7
-48 -2
-28 54
-49 -67
103 -19
-32 -47
72 -62
80 28
69 11
23 -80
-47 37
-86 -50
104 18
-72 9
-76 -60
31 -9
11 -90
-46 -55
32 -3
74 -43
-23 11
-53 -31
-53 73
-50 38
-42 84
26 -4
81 37
-89 104
-12 16
-40 106
71 48
-11 -44
-69 72
-21 -73
7 7
56 -71
74 39
78 52
-90 -49
-18 28
-58 -49
82 97
-69 -86
-39 78
81 60
103 16
67 28
82 -34
64 97
-31 -20
60 23
-9 -34
81 -34
53 -88
-78 72
-81 -24
-17 -41
-64 106
-84 28
-5 11
57 15
104 -70
87 74
-60 56
-31 30
20 78
-44 37
13 77
46 -81
66 -28
0 11
32 -10
72 -39
-14 -78
101 -52
48 92
-90 40
106 7
56 16
84 63
39 -13
-10 43
9 55
103 50
-43 -73
79 32
-69 37
33 61
-53 -86
-80 93
18 63
96 -44
-82 -53
-81 11
11 108
-84 86
-80 22
104 -75
-1 -32
92 70
-83 66
71 -19
-9 67
24 18
78 31
62 23
57 2
88 -69
57 -14
-41 66
-38 107
65 91
44 109
68 25
34 64
-26 -76
0 -11
19 -12
106 -86
61 106
76 16
10 -24
46 -71
-28 58
52 55
-62 67
32 -46
70 -70
-79 56
57 104
81 -61
70 77
22 92
-57 90
-82 30
90 2
98 -32
-60 3
21 13
21 25
42 3
74 -33
-28 51
-54 -87
27 -9
-46 -87
26 -27
57 94
71 -7
-12 -88
19 42
-29 -26
46 82
-51 45
-22 -23
-47 -65
68 18
82 45
24 23
-16 -3
86 68
25 79
-41 -21
34 -23
102 60
98 75
55 -13
29 45
-46 109
87 -33
54 -63
36 -84
-24 -80
17 -58
97 50
17 62
11 -22
-43 11
-77 -48
-38 36
67 -10
61 67
76 -74
50 -29
72 -32
41 61
16 -79
35 108
73 11
-7 -36
32 51
98 -22
47 -55
106 -16
-67 -87
-6 27
-33 90
-11 -32
98 -39
38 70
83 53
39 4
-62 44
2 17
-35 15
14 26
61 -56
-55 -50
-33 18
14 -43
14 -12
-82 89
102 46
66 -26
-15 85
16 -49
-13 -41
93 -16
-28 62
-10 -77
55 88
-69 99
51 -26
74 -51
35 -26
-64 -76
92 38
-52 -61
-61 -24
-40 19
92 -24
48 -62
-30 26
23 -71
79 -89
5 96
-61 44
104 -45
-78 -71
76 102
32 -67
-53 35
-61 -6
-48 13
59 -12
85 -68
-1 83
5 -15
-89 -42
70 15
65 39
56 -9
-74 99
-20 -58
17 68
42 -81
-62 75
26 39
-12 96
34 68
34 -59
96 -9
-58 30
29 105
-56 70
-33 64
63 -29
-3 89
-60 45
-15 97
23 -4
-10 95
79 53
-89 -3
-61 -53
12 -47
-37 68
-64 46
-58 53
-5 -24
-75 11
65 35
35 60
15 -7
-42 4
74 -20
-8 -69
34 -39
79 -24
-40 -66
32 -24
11 -41
98 91
25 -46
31 58
69 64
-20 2
-74 37
19 19
99 54
108 1
92 17
-47 98
-32 79
30 67
38 21
32 94
87 63
-66 -14
-54 54
-80 13
-1 100
5 48
9 -69
-26 -77
11 -77
-54 -82
71 -56
-76 6
1 -81
13 -58
2 -4
16 -42
-70 84
26 108
70 -51
-54 26
70 102
-79 33
-12 -50
38 -70
61 81
4 -8
-68 21
-50 100
-70 2
-39 77
107 104
-55 -33
-7 -52
-39 74
89 -79
103 -44
90 -52
49 -45
87 -11
-25 33
24 -78
73 22
1 21
-57 -58
23 -15
-81 49
99 -67
-29 29
-65 14
-71 79
65 -58
-8 -47
-37 27
-17 -40
-78 10
4 103
-75 -8
108 -90
88 -67
12 -13
54 71
-30 -5
40 -19
90 44
42 62
91 94
-47 5
46 -75
-71 -49
98 95
99 42
28 -19
-36 -53
-44 60
100 -16
0 18
63 -51
12 -31
-50 -22
-77 86
52 -58
108 33
7 78
-10 19
37 -58
-33 -88
58 -23
-80 -33
-69 -2
45 46
-85 82
43 -4
-65 -82
33 -43
29 -46
-2 -61
-23 -50
-37 45
95 2
-50 42
-89 91
75 -34
28 51
-27 -85
20 -2
53 36
6 -47
-10 -33
-89 -49
77 -12
94 -10
-38 40
61 -27
-33 88
-8 37
-58 -36
-32 105
-83 54
10 66
-13 27
61 42
5 52
4 54
22 -49
57 49
52 14
-33 -42
30 -10
80 99
10 50
109 80
-57 -60
73 42
-10 -44
68 18
6 101
-89 -19
-79 -46
102 -56
-16 105
-85 98
-25 28
77 -19
-90 -50
94 -31
-37 64
102 102
-75 13
-28 10
60 15
-47 33
92 -57
-65 -7
-22 -2
-11 -74
96 60
36 83
-26 -78
76 42
26 23
66 90
49 102
48 67
97 68
101 -18
9 95
103 1
27 18
-27 -55
-1 0
57 25
-56 49
92 -13
-2 -76
89 107
73 -21
1 -66
-81 -4
12 -42
-14 -32
41 70
27 -14
40 55
-17 -41
-90 61
92 95
54 -76
85 -36
-28 14
-58 -2
-38 -48
78 -16
42 -55
30 -63
-44 89
-53 -48
60 -61
0 53
55 60
52 97
-22 50
88 17
-62 -40
-57 24
99 -54
-49 12
-31 -41
74 -61
61 35
68 25
-78 -64
-52 -21
-41 40
-89 -3
-73 91
10 76
68 -32
79 54
62 -27
107 90
-7 20
12 51
88 -40
-12 62
9 48
-7 -45
81 -1
72 -33
-32 52
-48 -64
6 -62
59 91
34 -4
-25 27
-71 -23
38 79
-46 96
-84 68
109 -30
26 -31
11 33
-77 25
37 -70
109 33
94 100
-69 93
-68 -18
-69 102
-37 89
106 -50
-34 1
102 -15
-49 -72
60 72
-40 32
-57 104
96 72
-31 -85
-48 -18
-29 -68
-8 -59
-62 -2
16 48
95 -34
2 -61
-60 34
39 30
109 -3
92 -67
92 104
-77 -52
82 32
89 -87
33 -45
-88 50
82 -25
46 -9
0 -38
-52 -19
96 3
-15 61
61 83
101 41
-16 25
-48 49
88 -77
-37 20
31 -12
-66 67
-68 88
-56 -35
-16 88
4 53
13 -60
-84 68
103 88
98 109
30 -90
-53 87
88 106
-25 -48
90 63
-67 29
-14 -16
-7 2
71 17
44 -79
-73 24
80 92
-28 19
67 81
-66 -19
-11 -36
32 29
75 -62
103 34
91 35
55 -36
-30 65
45 46
-78 87
22 79
14 6
94 -7
-33 52
-90 -36
-65 70
16 39
-62 38
6 79
-47 -73
31 78
-52 58
-67 75
14 -53
-77 -57
-68 22
65 23
-19 -55
-11 76
2 67
8 -50
3 -86
13 96
7 -18
39 -68
0 -64
43 101
33 81
-54 56
9 46
-53 97
11 -24
46 7
-65 10
109 77
-51 105
-19 94
18 90
-69 0
100 80
-59 -69
98 -37
23 -56
72 -73
-78 -47
-78 -21
-13 -49
71 103
11 -81
43 48
99 -41
-75 -80
55 100
37 28
-76 66
-80 24
12 -75
82 10
-62 102
-48 86
-14 23
83 41
-80 56
48 -59
-45 34
-39 6
9 58
-52 0
-36 -29
50 -83
4 -60
55 105
73 -30
-63 86
-21 -77
72 -69
-7 -32
-41 78
-72 -82
108 -68
-70 80
66 -4
24 84
-48 -32
-84 99
98 104
89 109
45 -78
81 -78
-61 89
65 -25
-75 68
42 1
-15 -69
-89 -54
109 -66
73 -55
22 -11
13 97
47 -86
46 68
0 24
106 38
-79 67
16 56
-44 -35
-77 -4
31 71
-30 81
70 -62
4 30
59 51
59 -58
8 -54
-18 1
31 64
-8 -4
-38 0
90 -50
-59 87
60 31
91 23
-11 -31
-14 13
14 54
-47 10
-42 55
-57 78
44 -88
-34 1
46 -56
-30 71
75 -7
69 -61
106 -22
-10 25
9 -6
18 64
-81 102
-45 57
97 -47
18 -80
-34 -47
47 52
-36 -44
64 -63
13 78
37 5
64 -75
25 92
-15 -62
51 28
-51 77
-41 -27
-15 26
57 106
-80 1
61 -27
72 -33
12 -78
55 1
49 -27
-61 -86
64 49
73 47
62 104
108 -16
32 29
92 -6
-59 -22
100 -87
45 92
104 105
41 -88
82 -85
-60 68
83 -9
-80 -25
-16 84
107 106
-33 42
-76 -62
-20 88
-53 77
88 -51
73 57
-84 93
-25 -57
-46 35
-4 -31
-41 87
44 -19
63 0
-89 -60
-37 40
85 20
40 -53
38 39
25 37
-53 105
21 -33
-11 77
42 -10
65 37
-67 -56
-50 25
-4 -38
36 -66
-21 95
-11 -59
40 -65
-74 105
-26 -5
107 59
82 79
-28 9
90 25
11 -59
-6 70
-74 -12
40 72
39 31
14 73
88 -58
45 52
-43 60
-28 78
41 -66
9 -83
-84 44
-40 109
58 107
-17 -60
-35 60
-73 -32
-7 36
-26 -56
-81 -6
-16 101
-55 2
89 31
-14 45
96 35
2 103
-84 7
57 -29
22 53
106 -29
-50 -35
18 66
93 -41
-33 82
-48 46
-50 -83
26 -78
83 48
57 15
-48 51
11 7
-33 22
2 -78
41 -79
7 12
-55 -67
41 102
108 -78
58 68
61 61
35 15
56 -64
-22 6
54 24
-26 -52
-84 65
21 -70
71 -4
40 -8
-80 53
-80 8
3 -63
-54 -10
-1 34
-42 25
72 83
33 39
46 -65
7 -6
-18 93
4 -13
95 -83
-84 -74
-52 13
33 -42
73 108
-17 -26
23 95
-40 10
-90 48
32 67
-69 91
43 -69
-56 -81
-9 47
7 46
75 -30
11 44
-17 6
-65 -70
22 -71
58 -15
-29 23
91 -47
30 36
70 30
-38 -13
28 -37
88 -81
34 19
31 -53
7 29
-49 91
-34 64
15 -41
84 8
80 16
-84 -54
35 79
-72 84
83 10
21 74
70 -31
-80 41
81 71
67 -53
-33 -45
62 13
63 -60
52 -59
-62 50
-8 52
-47 -58
-59 -26
-50 43
-85 4
-18 51
-80 94
65 -53
0 -32
-47 56
-73 45
-39 -53
0 76
-4 40
-44 -5
-4 -3
-5 91
57 -76
-21 89
70 -22
-51 16
38 8
-45 -35
65 -33
-35 -78
-90 29
-90 -13
-85 -18
98 1
-63 50
3 70
-36 104
-73 -4
91 -51
-19 70
-58 -46
-41 83
-46 38
81 54
-61 46
-22 97
33 102
87 -24
40 107
-60 -38
22 35
70 -38
42 56
20 67
33 -9
-85 9
9 -44
39 25
-82 -40
-47 48
58 -19
-31 -47
31 91
-67 -6
33 49
-67 39
-7 105
60 -81
-33 -46
-56 -13
-53 -21
-74 -17
89 91
-19 -83
73 -48
64 51
45 30
-35 68
92 -52
63 85
69 70
107 98
101 83
-28 98
-63 46
-52 78
0 -11
-54 -38
18 -36
9 -63
-72 35
-54 54
21 67
-62 64
32 -34
20 36
60 39
-8 -32
70 73
-15 -50
-7 -32
94 94
109 100
-60 8
8 -61
13 45
59 23
-67 -29
-60 31
-80 -45
-4 40
25 -59
51 12
72 27
-29 -32
-21 17
91 -75
-46 69
61 81
10 69
1 1
36 47
-64 11
-61 -55
8 56
-13 64
35 98
93 56
-11 -80
5 45
-12 63
-25 26
-29 24
66 -2
-11 -84
52 59
-3 -57
31 -65
11 88
69 19
-77 -17
-51 61
-42 -56
49 -14
59 -10
20 -47
-43 85
45 10
-80 41
24 -15
47 103
101 -20
-44 -26
62 108
2 73
-28 -6
10 -86
-2 96
53 26
33 108
-37 0
88 68
43 37
-78 -85
-80 28
61 -42
62 95
57 34
-64 95
7 -81
-11 18
48 55
-75 86
52 -38
77 7
83 -82
-79 67
-55 -89
-12 99
21 52
87 19
-47 79
65 -23
-43 -90
-2 -68
5 -63
61 24
-68 38
95 -27
-36 -59
-34 77
-5 87
90 101
20 -25
72 0
34 104
100 48
16 49
-66 65
-72 -46
109 -25
102 -11
-85 5
97 94
-65 -71
108 98
103 -68
-64 50
49 -62
45 -81
108 35
49 -77
21 -78
-76 68
-46 31
-31 54
55 70
-73 -10
-63 96
-67 54
88 38
-68 82
-84 68
46 -43
13 34
-53 35
-27 61
-10 -29
0 108
-51 -86
93 -74
-10 -3
-60 10
43 33
-26 -66
-50 82
75 75
-20 -56
8 -50
-4 57
108 49
-69 70
7 -45
-47 80
90 -23
-4 -66
-66 -26
-46 -16
-16 -9
59 83
104 67
16 -7
-72 -21
-69 61
79 88
-70 -67
-8 -28
6 44
35 -54
61 -28
2 92
90 68
-79 -47
69 -78
-39 40
-59 34
-18 -82
6 97
-36 62
-13 43
66 -72
28 104
-85 -29
2 -79
-78 49
-4 68
-80 -32
4 -83
-22 -61
70 -85
30 85
-18 -41
69 101
98 99
52 6
15 27
-62 90
-8 -59
-53 -5
-27 63
83 58
18 -4
-37 32
91 -76
92 -7
40 45
106 18
10 19
10 -57
75 1
95 -10
5 103
75 -50
85 32
-64 17
-10 77
-7 60
-69 86
1 53
-81 -71
26 13
-2 -90
-71 16
9 79
16 32
102 -83
-76 68
23 -83
-81 60
13 -36
-58 75
21 -41
-85 49
13 53
76 103
-20 82
-63 -52
-22 -66
-82 -61
105 66
-56 82
62 79
4 73
-44 -42
57 -51
81 -65
-46 27
18 108
14 -66
2 64
93 78
-44 -79
-79 -54
56 97
33 100
0 -64
37 14
17 11
36 -58
44 6
51 65
-57 35
39 -24
-25 106
81 -75
41 -89
107 103
35 -64
50 -51
34 50
-38 76
66 100
-63 30
71 -6
-58 -21
85 58
-15 88
-62 -58
97 8
-15 -32
39 -35
-53 107
32 89
9 100
62 105
-35 6
-42 2
-83 1
-79 67
-60 62
-25 -59
7 103
67 -13
37 -8
4 16
6 31
39 -30
-30 8
-69 -44
-27 -33
-38 71
101 30
-66 102
-4 -7
9 44
-68 -17
71 21
-74 -20
-30 -43
-33 52
-72 14
103 28
76 29
107 37
91 35
-41 45
-62 -88
80 56
51 -23
-10 -28
-71 -41
79 -77
83 14
59 -56
-62 3
10 77
27 -34
-57 -75
89 103
-50 -90
97 54
9 38
104 55
17 62
36 -59
107 -69
-54 104
-32 -13
39 104
-67 105
34 108
94 17
102 -80
-27 48
-17 -6
-43 -48
16 -66
73 -56
-26 -80
44 77
-47 49
47 -59
93 -73
83 5
-27 33
-15 41
104 -19
74 70
26 95
33 -22
-52 -11
41 54
75 28
-58 -49
-70 31
0 -56
-40 86
65 -9
67 54
9 103
25 -8
109 -34
98 66
-77 40
52 -44
-3 -57
-7 -51
-47 -30
78 53
92 -51
-48 31
42 69
33 -41
107 -20
-54 58
-57 -60
101 -48
12 17
-77 -88
19 59
107 9
90 -67
2 -45
-16 63
31 67
73 -44
-59 -21
54 -32
-30 -20
61 -50
-18 -80
84 -68
-76 62
45 -74
-61 -90
80 -17
-23 -64
-18 13
-28 -62
99 54
17 73
-57 -30
-42 62
-90 -70
-34 97
-6 -49
85 -13
-32 -21
104 91
-50 -78
-78 88
92 108
-46 -28
71 19
-81 72
-12 -24
61 90
46 -48
-30 40
-17 103
51 70
43 64
93 -32
80 61
-15 47
78 79
-13 44
-17 -15
26 -29
42 -57
-61 -85
12 -88
-9 25
41 9
109 6
98 -66
12 14
1 -81
24 19
16 14
-49 57
21 -10
72 22
-85 28
96 -68
89 -36
45 -40
47 -18
7 94
56 100
-30 -4
-31 10
59 -10
-62 -8
105 3
-36 -75
50 40
15 32
108 101
-11 22
-71 -49
-15 -60
35 70
58 -56
81 -5
35 92
94 78
69 87
102 -66
-57 -17
-74 64
-53 -13
-14 43
41 -10
78 13
102 73
18 -89
10 -74
68 2
0 -39
-74 85
71 8
35 -38
-31 -89
23 104
-2 -5
-49 66
83 49
-69 9
48 -66
-45 55
85 -68
-59 -9
-62 55
75 -89
6 -69
7 63
49 105
63 108
-76 107
66 -85
-75 -63
-62 79
18 56
-89 -6
-83 27
5 20
-63 -75
22 -38
22 59
7 11
-46 73
54 -61
107 -2
88 64
-80 -64
23 7
62 89
47 -24
43 -32
-21 56
-35 4
51 -72
-7 11
62 -2
-84 53
35 6
-15 -17
28 -11
28 -40
74 -84
45 109
36 -19
-11 105
-70 66
-28 -67
-64 89
66 -48
58 106
-53 42
82 -62
-6 90
-87 32
50 -63
105 71
90 66
101 -31
-84 15
69 -86
104 94
23 -51
-8 26
79 9
16 84
-54 -87
-73 -23
-25 -6
-79 50
-90 40
30 -57
90 -56
-3 8
3 -46
-60 43
30 -80
-7 55
103 -19
-84 -15
58 9
-50 -5
52 36
87 5
28 -21
-37 95
103 92
-17 -44
72 87
29 -53
21 23
26 -41
-47 67
70 -88
54 -28
-72 101
-51 32
33 50
84 -1
59 21
36 63
97 51
28 -86
44 -32
-71 -58
-4 -24
85 -50
-53 -1
108 22
-30 -28
61 -61
-43 15
34 108
11 18
-16 -43
94 -87
-15 -80
-70 -48
79 -13
13 79
81 -63
82 -26
107 22
-35 -56
21 35
-25 -17
-51 -63
16 1
-16 100
-74 -28
73 16
-74 -47
62 52
69 -38
17 31
-42 -49
53 -18
-46 72
45 75
-24 70
91 49
-80 -86
-76 -65
60 -31
3 40
-83 76
109 -49
107 63
-23 -75
91 -7
-27 -56
-26 -69
60 26
78 -75
-67 -77
-87 -39
26 -25
83 30
-89 24
-46 103
-30 -48
7 86
70 109
102 22
58 98
-50 -69
39 -7
81 -5
1 49
40 12
-9 12
32 -56
66 -78
45 108
-34 -88
52 -64
71 -52
98 -73
50 -35
38 -3
42 24
73 44
-6 -8
-65 -30
-1 -16
-62 -24
-89 96
-29 19
106 6
-64 -7
-9 -50
-88 28
83 26
53 -27
-32 -32
-33 -39
-16 -84
86 41
22 55
-55 96
-65 6
-78 69
17 -78
19 15
53 73
35 43
-12 -66
-69 67
55 2
60 29
-55 79
-57 48
-44 108
37 89
-37 30
-68 -41
-72 2
50 -89
85 86
7 101
10 -38
-79 28
-39 93
21 49
87 -85
64 82
62 72
-33 103
47 84
-53 -14
-8 61
105 -27
-64 -31
-72 -9
5 107
-39 -38
-74 -45
-68 97
-65 -53
78 -5
107 3
-41 96
24 30
-72 100
56 -46
63 27
78 -61
-56 97
-81 -14
84 105
12 72
6 -25
96 100
56 -22
-60 12
43 3
-40 25
-10 102
-36 58
-80 29
61 -46
22 76
58 23
60 36
-7 -88
0 -83
-70 -1
95 98
-84 24
42 -60
-84 63
0 -90
-22 -78
-76 -42
-43 8
28 -10
-72 23
-83 18
-78 -61
49 21
-23 -24
42 -51
-49 26
-42 64
16 105
94 -5
36 -68
14 -79
-62 -77
10 11
53 46
37 47
4 -17
39 -48
82 -27
18 52
26 -82
-2 64
108 27
-66 -60
24 -55
-17 -90
18 87
28 -61
87 -87
-30 -47
82 36
101 93
13 43
-24 75
49 -49
-84 25
51 4
73 99
103 -9
25 -41
96 42
107 -14
27 -72
52 48
-73 83
-4 -29
3 -61
-17 -28
-8 19
45 -63
-74 106
81 -19
19 86
11 22
-59 -87
-31 89
-53 95
3 -23
6 75
-6 39
66 -89
-81 76
-76 -20
41 12
97 -72
-1 -58
-43 30
-3 105
30 79
-39 -58
-36 -3
-24 94
-21 31
24 92
47 24
-57 69
47 -58
-80 71
17 -18
66 -82
53 82
-39 -20
99 104
61 -21
-30 -82
-10 27
13 -71
18 26
30 -42
-78 -85
23 -88
100 42
60 11
61 9
99 -55
108 -20
2 25
-59 69
46 77
-41 42
85 -89
-44 64
-56 80
8 88
15 32
-2 102
-89 21
34 83
-35 33
30 78
-71 -13
101 18
-72 90
29 65
77 9
-8 98
58 5
88 105
78 85
81 42
11 -53
2 -79
-19 1
-87 -66
95 -25
-90 -77
60 87
-7 83
2 -35
56 59
53 38
-51 -49
21 -51
74 -74
105 64
55 -90
-19 -54
37 -26
35 -13
7 -52
63 0
98 103
85 -6
-29 50
53 -27
83 106
97 -29
-66 79
-33 14
-66 -17
45 56
-3 20
-33 109
107 67
-7 19
105 34
53 39
-89 -10
72 -14
73 94
-86 -64
-12 -44
-47 100
-49 85
7 -12
22 35
16 -81
32 48
-51 41
-71 -86
-49 -45
-86 -9
-82 26
-88 -87
-53 64
-35 -78
76 -22
-13 -66
-22 96
-11 -9
1 73
-87 6
-43 -79
30 89
-46 -41
77 -45
53 -54
-6 57
72 -43
-5 -33
-70 109
51 79
86 -16
-74 36
27 0
88 3
-55 -55
-53 -65
52 48
-42 90
53 -50
-87 -53
-46 102
32 104
-42 -73
-82 -9
-60 81
100 55
-28 43
-59 91
-35 3
60 -1
-38 -18
-5 27
76 54
-47 -22
-43 24
62 12
-66 -71
97 -46
76 67
-45 30
-62 47
-24 -48
-43 23
66 -75
-75 -67
18 -30
108 74
27 7
76 -43
50 -83
57 -39
35 28
57 -79
-9 -41
-42 -27
14 -43
-57 -58
-18 41
-16 19
-86 -58
32 -55
32 30
-66 -41
100 101
87 -31
60 2
-27 -69
-23 73
-24 84
89 22
-16 -50
-51 10
-47 54
-87 24
-56 -74
-25 -48
15 6
19 88
30 -48
22 17
74 92
-84 102
-1 43
41 20
100 62
86 50
47 0
104 -90
-62 25
49 44
-37 -81
69 49
14 -77
68 5
-3 -7
44 76
39 -62
-58 -89
-51 8
48 78
69 -19
-61 19
92 50
28 -74
-31 99
55 -51
34 28
-3 80
-39 15
53 83
-89 -75
56 -59
-54 -73
61 -80
61 -69
89 -68
11 26
-89 23
-67 25
24 11
28 -69
-46 -69
-36 -71
46 76
80 70
88 4
-31 -25
45 89
92 29
75 67
-9 66
-19 -5
84 -68
43 85
30 81
69 56
-44 -61
69 17
0 6
-4 95
-49 83
87 -17
-90 -54
-17 12
-53 -77
-32 -21
57 -71
5 -84
43 -12
63 -14
-77 -82
-68 -40
26 51
76 109
21 15
79 -2
-20 -53
93 -74
-18 4
29 -90
82 14
-59 23
-88 -16
-12 106
53 -82
40 -35
16 85
61 95
72 -38
28 -57
104 43
-66 90
-47 1
-74 -21
-26 94
46 95
-77 92
35 42
55 -69
-9 69
-44 6
-69 -76
-18 -73
-34 64
38 -39
55 43
77 -64
85 107
-63 -89
-36 -61
63 71
-17 -6
-70 10
60 11
11 -63
34 -21
-18 44
89 -79
-81 48
62 17
106 -64
37 1
22 100
-76 -46
24 91
-30 -70
16 -23
-14 -7
1 12
-88 52
-60 -78
28 51
62 0
45 -40
10 97
7 54
-57 38
38 89
8 28
21 16
-17 -1
-59 -16
81 -49
-70 -90
-37 16
91 -16
2 46
-48 -81
-20 46
30 -71
-68 8
64 88
84 -23
-58 -23
102 104
54 104
-81 85
25 -45
-63 77
-3 85
-45 12
83 87
88 96
93 101
34 9
26 53
97 -78
20 -44
-59 9
108 82
-29 108
-70 80
41 -62
-77 -62
63 79
-1 -8
-41 10
57 -63
17 107
-4 22
42 -42
2 46
105 55
84 -62
-82 22
-86 62
23 -81
-76 71
-6 -81
92 -81
100 7
78 -62
59 67
-86 -40
12 22
33 56
89 57
73 30
84 49
-18 -52
-17 -22
-6 -52
3 -13
47 -76
-54 77
1 108
95 82
-89 -62
-57 39
-21 -45
50 -37
4 -1
-57 -25
30 104
33 -60
-59 -9
25 -71
65 -87
65 74
-23 99
98 -47
67 -4
12 57
-73 -86
26 54
-70 -63
97 -43
13 -48
43 82
82 -31
-77 85
25 10
68 -70
-57 69
-35 -90
31 32
90 -25
-23 41
37 98
-28 98
79 -28
-54 43
107 33
34 52
-47 2
107 80
-86 55
-79 -55
100 2
74 -17
68 71
-81 102
-1 -44
4 -80
73 34
-35 -4
24 108
76 25
106 -57
-87 -65
61 -18
25 -30
87 -65
-20 -45
-83 79
2 -14
50 11
-83 24
76 71
103 -59
-90 -86
82 -56
-4 -86
-21 18
74 15
27 -80
109 -86
-60 107
109 -81
48 -38
3 61
-49 -74
-67 -63
4 -90
-29 57
58 -76
-84 -32
90 -11
92 -7
-53 86
96 -22
-42 -25
-10 20
-85 17
-1 -8
-61 -24
108 71
57 -55
61 47
-1 42
-61 -90
28 106
67 96
61 -34
105 -8
-76 -29
72 5
-40 45
-66 -29
-86 36
75 42
19 85
36 77
60 41
-43 103
-52 -48
22 72
101 75
77 22
-80 -52
-61 90
-70 98
20 -40
98 19
-1 94
72 -77
29 41
28 58
14 33
-20 -38
-5 104
91 -71
91 88
16 77
8 87
20 38
-63 -16
100 10
-77 107
91 10
-33 -10
31 25
56 80
89 37
29 50
73 -76
88 46
17 52
-83 -82
-42 75
108 51
77 80
27 102
108 43
62 107
-35 88
58 98
68 -72
55 105
-29 -60
-74 60
-53 84
-40 0
-57 -61
74 9
-10 101
44 -67
99 -13
-11 105
-15 62
45 15
-55 -70
64 14
-86 -88
44 29
-75 -2
27 -60
87 -35
42 16
-77 -80
49 37
-72 -52
85 -68
-24 -84
44 -30
18 -35
-7 48
66 -36
37 -51
56 -87
-30 -8
-56 42
-30 -89
23 6
-39 -76
-43 -21
27 105
-78 -48
-72 -44
-10 -50
103 72
-48 36
-49 45
64 -26
-7 -78
-28 55
-81 28
-39 6
102 71
65 45
-59 87
101 67
-7 -16
-53 -47
28 12
31 19
-54 48
-45 25
1 89
9 -21
-78 44
48 0
57 -55
65 75
89 104
-22 -49
88 107
-19 40
0 -57
-85 58
11 102
-72 -36
67 58
-43 -19
109 -2
87 27
33 -87
-87 71
72 52
30 21
-47 -73
95 2
63 -40
34 -88
8 -32
-7 -45
1 -76
-46 66
58 -26
-86 -18
-63 39
-74 -69
-8 51
-13 24
49 -6
-12 48
74 62
-81 -51
-61 50
-64 -47
-85 -82
94 94
-65 1
-17 47
68 0
-62 -19
25 41
62 47
22 74
-59 -56
-84 32
108 8
27 -87
82 -67
62 -18
-77 37
25 -77
19 -47
-77 58
-11 -72
86 -30
76 -76
63 77
77 100
89 75
71 30
-43 100
76 -55
33 -53
5 -15
6 48
-81 -57
29 45
59 78
60 -68
-70 97
102 55
106 -60
59 -38
84 95
-4 105
-90 23
-47 7
73 -27
19 -64
-89 76
-74 -58
-81 44
-9 -64
-79 -76
-17 -42
-11 -77
50 -67
108 65
91 -89
-60 -26
-58 96
-79 8
-4 59
-38 77
-38 -61
-81 22
-35 0
60 -37
-82 47
7 22
-54 2
-84 33
42 -68
-9 -38
-69 4
62 -31
78 82
-8 12
14 90
70 45
-2 -35
-72 15
22 82
-75 -16
92 106
-31 -56
7 25
-54 3
64 31
39 78
-24 59
31 31
-16 58
-12 -75
-37 62
-42 -18
108 80
62 81
17 11
-64 -29
63 16
3 -42
-32 25
14 -57
89 -86
51 96
4 1
-8 -90
83 48
69 -21
61 -26
1 104
4 -46
56 -38
-87 106
-14 81
90 20
86 53
56 92
12 -39
27 98
-49 96
-32 -11
14 -25
39 -68
92 48
-22 106
73 39
105 -70
-54 107
-51 -75
-21 107
-88 -39
-2 65
-16 1
-42 -39
-33 -46
32 -59
-5 -84
59 12
76 47
72 -5
100 -61
-9 74
57 83
71 88
38 -45
3 -48
50 85
-79 79
78 -21
35 -58
54 -84
75 78
-11 -5
-62 62
-26 -27
42 62
96 6
-79 51
-75 71
35 -2
38 -58
107 -17
49 41
-77 91
97 70
36 107
101 -10
32 14
-70 42
31 76
14 52
12 28
28 56
-66 -23
-13 43
-73 -20
-32 -32
-28 47
-45 53
-83 102
4 -86
-85 109
20 -5
95 -74
97 -14
106 -47
-76 82
-57 32
86 9
36 28
5 50
-42 -47
35 68
25 56
86 -12
-30 -89
3 -88
-41 40
52 83
-30 -27
109 31
49 48
105 82
-78 82
-65 48
-36 -45
-27 66
-4 8
-51 58
-44 68
-45 77
-48 -23
-26 80
-80 65
-19 90
-56 -59
66 -86
-16 39
-58 76
-23 -44
-57 -88
-11 77
-12 -65
95 -16
28 -13
-85 -75
8 6
-61 -42
72 28
-36 -66
-48 90
-64 -37
18 76
0 -62
-88 89
93 28
66 -87
13 36
-4 37
47 61
14 44
-65 43
72 109
82 19
-19 -13
49 29
-73 -33
29 -89
-37 109
42 -46
5 105
45 -12
-2 30
94 70
48 -46
70 73
-78 17
-85 82
8 -68
106 -86
-79 -66
56 89
-33 75
93 94
75 23
68 -16
92 -35
109 30
33 91
97 78
76 -60
-81 -46
43 29
-50 -39
-60 97
59 -40
12 -42
-62 -11
17 -88
22 -78
88 102
103 -39
-78 -17
59 -89
63 0
12 -1
44 10
25 49
-5 55
18 -6
-28 -49
20 86
10 107
47 -32
-1 86
-20 -5
-78 -41
-47 77
-89 55
13 0
-43 -67
-90 0
89 59
89 -84
9 60
-27 -18
32 65
77 19
55 -62
-44 10
-5 107
55 -79
33 41
-23 -62
-44 -71
-55 33
3 28
58 90
88 96
92 -44
58 -21
13 53
109 6
51 48
-24 -5
106 99
17 -18
-88 66
61 17
-62 37
-65 -50
-12 103
50 -67
-20 15
107 107
52 68
42 -33
94 109
107 95
67 -64
74 108
-52 18
99 -42
24 25
72 -54
49 -17
104 -4
102 -43
-41 101
16 97
89 -34
-63 104
-27 101
-26 19
14 -45
11 102
-9 55
-42 61
15 96
-81 -24
64 -71
-87 -37
21 66
-55 -19
56 -50
-28 -46
-9 -65
-76 -45
-11 3
-9 41
28 -61
109 79
102 -3
-54 16
-39 -79
-36 22
-4 -87
9 56
-84 35
-10 90
47 86
6 19
22 36
63 -79
102 -49
-29 53
-32 96
77 -48
30 -2
-78 -5
87 -78
-47 105
2 -69
-72 -61
84 71
3 21
-55 -8
-86 108
43 50
0 -59
-12 96
-31 -71
16 -19
-36 29
81 -89
-71 85
92 86
5 -4
46 -57
54 -43
-39 49
-12 -43
-34 14
56 -35
-37 11
15 101
5 -64
15 49
-50 -78
35 -85
-40 73
102 12
-39 -71
-20 15
-13 -17
43 101
-74 11
28 26
85 -1
-24 -2
31 -32
-50 -18
3 64
-14 49
-42 18
-51 -36
16 -90
-39 -8
-82 40
-18 -42
108 -15
30 -35
-22 90
60 75
9 92
13 -51
37 82
-46 23
-54 7
31 94
-13 32
-45 -22
8 4
-27 -3
21 -90
64 -32
-9 89
12 -18
18 -34
16 -87
-34 20
9 -55
-80 -34
64 87
-1 -24
19 -46
-82 96
-27 -77
-11 -20
57 -31
-16 -51
7 6
37 -22
26 98
2 30
-13 -67
93 44
100 62
102 10
-32 -27
-34 81
60 26
-69 79
52 69
36 -58
99 46
-22 50
-64 -4
95 33
68 -19
-56 72
-39 87
-28 -72
-8 -61
-10 107
34 -86
2 94
104 -4
-73 -16
106 -86
2 -87
75 -71
98 57
26 -12
59 106
14 -77
41 -54
8 0
71 -55
-6 -74
29 11
-45 -49
37 86
-72 -9
57 7
-29 32
49 -81
4 25
-58 104
51 9
-1 17
-53 75
77 40
-51 -32
12 -58
-74 39
18 -84
25 -68
-61 -38
20 99
17 41
-81 -32
106 -19
-47 45
-20 94
54 97
-79 16
-10 -40
-39 42
-64 24
66 72
-34 -38
74 -1
27 93
51 33
43 98
4 -11
3 6
-76 50
1 -14
43 -12
87 57
-37 3
-80 7
104 22
76 -65
-28 104
10 81
19 68
37 -27
91 55
-60 23
57 -49
83 100
23 -32
-41 -12
102 -39
-70 -48
63 6
-21 15
78 -62
28 -32
24 20
104 74
-25 -28
-68 -49
37 -70
53 64
-76 -88
-14 -77
-50 8
54 -69
-58 -69
25 -12
-74 -57
94 103
107 33
-86 -87
69 62
-35 40
-3 -45
-7 76
101 54
14 71
-77 104
-45 92
32 94
92 17
46 -43
-40 102
87 27
38 -86
28 -85
89 39
-76 104
81 102
-65 54
70 -19
80 64
25 -46
100 79
-17 93
64 -65
-65 85
66 -25
-25 109
-23 94
-45 -11
42 -14
-11 -17
83 22
-75 -53
20 -4
-71 83
100 102
-8 -84
-41 -17
-50 8
-31 -71
-59 18
11 88
37 -46
-82 -85
-24 54
-33 -30
20 3
-37 -43
-77 51
91 29
83 -65
58 25
14 -56
62 -40
26 25
-20 5
61 -42
66 52
86 -62
55 107
-17 15
66 -11
7 97
-46 104
94 65
-30 -10
-82 -1
51 -81
-11 82
67 93
50 91
91 28
35 42
-51 15
-84 -34
-46 -16
-61 -73
42 67
-61 -88
88 104
51 42
-63 -57
-18 -36
60 -5
58 -25
94 85
-1 32
30 -18
60 -35
29 -21
54 -9
-74 11
-25 67
-31 45
-48 34
60 81
51 -14
-3 87
-49 28
-19 -7
-79 106
-24 79
86 -22
69 -74
22 0
-15 91
-71 -56
-39 -29
56 -27
23 -10
41 -17
10 -32
38 93
-78 55
-30 -12
-51 -41
32 -24
79 58
-39 7
27 54
-90 -44
-88 68
-79 -32
-54 94
22 13
-44 35
9 -77
63 32
23 22
-43 -17
-33 19
95 49
55 -29
4 -60
85 -21
103 100
50 15
-87 2
17 19
50 -40
108 -28
-32 28
52 21
-86 -81
13 36
102 23
13 -40
91 -8
72 8
-27 44
73 -70
52 -84
43 -2
-50 -82
104 -38
-81 36
-47 54
95 76
92 92
13 -36
34 14
-56 0
47 85
-41 -56
-32 57
8 51
-23 65
1 -22
40 -66
63 -29
44 88
-5 5
-17 72
53 -18
-60 72
11 103
39 -10
-20 -63
-51 36
-80 -55
-1 45
32 -65
105 27
-37 106
20 59
-68 102
-43 -60
33 -45
101 -13
-52 -52
-62 106
16 -72
104 -30
43 -71
75 105
-47 -43
68 -1
-73 -62
-65 108
-36 69
-81 55
-83 -9
95 -60
106 -61
40 67
28 -82
-90 75
26 -32
85 -2
47 8
-22 26
3 33
88 88
0 -77
-9 -74
-33 98
13 -80
-57 15
75 70
-54 78
-15 89
-71 47
106 -90
63 -25
-19 2
65 41
-66 -14
47 43
-58 -73
-56 -46
92 -61
62 -13
64 67
23 89
-25 -53
16 73
67 70
52 105
42 41
5 -77
-43 83
86 -19
89 9
-17 -18
-89 -37
103 4
-75 61
-47 -59
-70 -21
-79 5
-90 -11
35 -23
-77 53
91 53
51 24
-28 38
-63 -56
4 -70
25 -8
-76 -21
-71 -37
-53 -54
-89 -41
-62 91
-3 99
93 47
75 63
55 7
-5 0
68 85
74 -47
34 -45
-11 91
78 -17
98 -24
88 -61
36 70
-87 -67
-16 -30
90 65
-63 -26
16 91
-67 -55
90 91
48 -58
2 3
91 14
-77 9
82 53
-57 75
52 90
-90 -41
5 104
-51 99
32 70
95 54
-16 54
32 -43
21 52
52 -29
-28 -80
64 -39
35 62
78 -5
59 97
95 49
61 -70
-62 44
-16 63
-85 -49
-6 19
49 -27
-19 87
-50 -9
45 98
49 -39
-27 102
-25 28
53 52
-54 94
84 30
60 8
-1 -85
78 -28
106 48
-57 82
-42 46
-47 29
56 5
-88 -67
60 20
15 4
71 -4
-59 -43
92 33
-64 -71
-9 -74
64 11
-83 15
29 38
-22 -83
-62 -32
71 -40
18 84
21 -83
-56 15
41 30
-90 -67
74 32
-52 67
38 -34
19 102
83 -70
-60 -19
90 41
-25 -59
35 55
-74 82
20 93
20 15
66 75
-75 6
58 43
103 29
65 32
54 62
94 82
38 -81
-43 -82
-46 109
50 1
-85 102
41 86
23 103
-32 82
76 103
-56 -64
55 -56
-38 -40
-2 -18
82 -55
54 -60
-10 20
-50 1
8 47
102 74
-24 -53
-80 -53
-46 -17
82 -69
-59 -1
-62 -44
-68 97
-13 -4
50 71
-89 30
-10 -69
-74 72
92 53
75 -36
-49 90
91 43
52 -70
-17 100
-58 4
-78 18
-35 -76
44 22
55 61
-56 81
72 -57
94 -73
-43 -15
10 3
20 66
70 101
-5 -26
-72 -20
48 98
28 -62
-74 -60
-28 -44
92 47
102 97
6 -2
-49 88
-11 46
-63 -59
29 -43
104 -27
-59 38
-81 -38
-50 -57
-36 -80
88 66
4 -25
72 40
70 -26
-34 30
95 107
108 -40
-72 71
109 -6
-65 62
31 85
67 10
45 -4
-14 -87
52 -26
14 51
-6 -60
81 2
-13 44
-7 -79
80 -32
85 -37
66 82
20 40
57 74
-23 14
-64 86
15 -70
14 57
10 -70
-70 -77
108 107
106 24
-67 -18
-53 64
-34 37
1 -80
91 26
-89 -34
109 109
-28 35
99 -8
-89 10
-29 59
65 9
-51 -29
28 -64
86 -17
11 -13
67 -28
-86 -55
-89 74
-88 11
39 8
-3 -54
94 -54
108 82
-76 6
93 20
-19 -83
42 36
-73 58
-58 -88
37 73
7 78
92 14
-17 91
36 31
42 -18
42 57
-42 54
95 77
-61 -77
-74 82
13 57
-23 -32
-21 -41
-60 24
17 -9
-36 35
87 -10
37 -82
75 -46
-60 108
-33 59
-78 -24
100 61
19 -86
-67 -74
-59 -41
66 34
-10 -28
105 16
-43 2
-35 -49
72 -4
-66 55
80 84
-86 33
-76 34
-76 -41
83 -24
-27 -77
15 -75
-48 -34
66 48
60 53
-75 5
-63 -5
13 -5
-70 -55
56 -62
68 8
71 -86
-51 -86
109 7
29 -6
17 -29
55 -19
-22 107
-9 93
74 -69
52 -38
-70 10
-57 13
15 -68
-7 17
-81 15
12 -4
-16 29
28 -68
-65 12
71 48
23 74
-22 63
16 -57
39 -34
26 8
-12 18
-2 82
34 26
81 26
56 -13
10 60
-6 -81
93 1
-51 64
12 -5
16 -13
52 8
6 -37
-8 106
103 5
89 36
97 59
-48 102
104 80
0 37
88 96
-85 -18
-44 -48
-74 -24
14 -85
2 85
55 101
-38 35
-82 -46
35 40
73 -90
-28 66
10 -11
-28 -23
19 50
49 55
85 84
16 34
-6 70
10 -88
-38 48
10 12
32 8
58 3
32 -31
-70 100
100 -67
-76 95
11 -69
-27 97
-90 66
98 63
108 -22
60 79
-71 73
63 -53
98 -71
52 -20
70 32
-25 83
-41 25
-39 -11
97 -42
72 -77
-10 42
-43 60
43 -28
7 108
-55 73
87 51
-47 62
-37 68
43 -72
104 36
56 -26
101 90
91 0
-47 39
-45 -62
10 21
79 87
56 19
-44 17
55 49
-82 -79
11 75
-9 84
-36 -4
-1 104
107 62
-2 53
-13 -35
108 -65
-55 102
-68 54
12 13
-24 85
11 -19
29 69
-57 -70
-39 -57
0 92
-18 55
92 63
23 22
74 61
30 9
97 104
77 -63
24 8
-5 -70
-37 101
-71 -23
61 -39
1 -12
-71 103
84 -88
47 -46
34 -58
52 -20
5 -16
-50 -76
-20 93
-48 8
83 95
48 100
-2 -22
76 -29
-89 63
-12 61
108 20
44 75
-41 109
92 -62
14 79
-67 47
68 76
-72 -27
44 67
38 57
-61 -67
-89 67
20 100
-37 6
-74 -54
53 78
74 -1
-12 -26
88 95
-14 65
22 70
-33 63
-8 21
-24 89
-75 -13
64 -60
44 83
93 4
87 77
-23 -63
-40 -84
47 58
31 56
-85 17
52 70
-19 -2
-54 7
-1 -16
-51 -42
81 25
-56 101
-13 42
97 28
-61 -5
-68 77
94 52
97 109
39 28
-21 44
18 72
-39 77
93 16
-38 16
12 79
-10 11
48 -24
-41 77
91 42
98 -6
-28 -56
3 65
-76 9
-28 -68
29 -5
22 26
-87 7
100 2
-8 -30
13 97
77 -57
50 -11
11 -43
79 109
92 23
37 78
-50 30
-7 98
-15 22
-35 77
-29 14
-51 26
1 51
98 30
16 -42
-72 -69
82 -65
65 -82
-17 48
-49 105
-63 8
-84 2
-12 27
56 71
67 46
-3 -51
-85 -59
-12 -37
-34 29
77 103
65 -68
71 -33
-21 76
-68 -25
-61 28
-58 -79
76 -58
-29 -78
77 -51
-89 -32
-25 90
96 -45
-36 70
39 -21
18 -78
-51 70
-51 103
-89 38
43 83
108 -81
-85 88
-41 104
-38 -21
-87 107
-13 -1
40 -72
-21 -24
-50 77
-31 -55
-60 8
-2 72
-52 96
26 -80
108 -7
104 49
-88 68
59 30
8 89
-54 -62
-59 73
-46 107
-79 71
87 71
-46 101
-4 -12
72 -26
100 20
-6 -89
-46 106
91 -43
-73 105
-58 104
-31 62
63 24
27 33
3 39
-6 101
-46 -75
28 73
-88 9
28 33
96 -16
86 102
-15 32
-64 -43
61 -11
70 41
-67 13
72 -31
-20 104
44 -11
94 50
-85 74
56 82
-19 -52
-17 77
87 -41
-67 -1
-21 52
-80 69
66 -34
-90 -90
0 -3
64 -59
80 -28
61 -74
81 9
67 -86
9 9
-9 -35
34 37
20 30
-51 -62
-41 71
-4 58
9 60
21 -58
29 -51
95 -45
43 101
83 68
75 69
98 34
45 108
-52 -25
24 87
80 -78
-61 -89
-90 106
60 -39
-15 -71
-86 33
94 94
10 32
-72 105
32 104
32 -90
-45 24
67 63
-86 -72
-65 -11
64 -73
18 81
-84 -69
83 -6
85 22
-49 101
-88 7
-60 -53
-15 76
-21 -87
33 67
-50 -51
33 88
-63 27
79 67
96 -75
84 -57
-82 34
25 91
51 55
74 99
70 75
29 -78
105 -1
-27 -82
85 -69
108 -70
-43 60
8 -34
94 -75
33 36
91 -84
-87 -41
83 8
2 -39
74 16
50 -69
-36 63
69 -42
-28 6
-82 -71
-8 -42
-37 -9
16 25
96 59
-20 -22
75 -87
-47 105
12 30
-45 67
78 24
16 -46
-38 -27
77 68
12 108
63 -32
-17 -13
33 55
-75 55
109 -49
70 16
18 93
-89 7
-46 -27
4 -8
-1 86
44 82
-6 -86
105 109
84 -4
-9 -5
-11 -67
108 -81
-29 104
0 -12
2 -66
4 56
-21 102
69 14
-9 14
43 47
-45 84
-48 31
58 -10
57 -64
72 -39
-26 105
21 96
-28 93
66 81
86 -31
3 40
74 13
67 103
-86 75
104 37
67 28
-75 41
73 31
-8 -78
-90 99
-16 36
27 22
53 68
-86 90
-39 12
89 72
63 25
6 -59
-56 -21
58 -71
-48 108
-84 7
96 -84
101 -84
4 50
-31 -45
87 -26
-53 -75
-23 -18
-88 14
23 -65
40 100
-6 -79
-53 -8
32 -29
-7 -20
-16 -8
-44 -1
88 73
41 25
90 32
74 13
-7 109
94 80
65 14
-11 98
85 -9
-21 56
23 8
-55 -18
17 -30
-13 64
-51 5
-39 -89
98 6
-48 -75
7 -3
81 100
-81 92
-21 -52
85 -24
-3 76
93 64
94 -54
72 87
-3 96
-11 109
-87 -90
61 97
-39 -33
-4 6
-34 -7
-81 -36
-18 -55
16 -58
-4 -83
-14 83
-39 -51
-66 -11
-24 -62
-83 54
107 97
-19 -3
-50 -31
82 -8
65 109
-5 -8
2 14
-81 17
81 -17
-45 82
10 36
-64 -73
30 108
22 -20
-61 59
48 -54
70 -83
-17 78
15 -44
109 -50
72 65
73 -62
97 68
-90 91
69 45
3 63
32 -65
-8 -12
-69 -25
-58 -60
-1 -24
50 -82
18 33
82 6
37 19
-9 32
27 -11
-25 95
-77 -39
89 -39
-10 -19
60 16
95 -7
5 -30
1 103
-65 -85
-42 39
-17 -6
99 -33
53 28
69 3
69 101
46 0
-65 82
78 -6
83 94
-87 46
88 -56
0 62
58 35
44 73
-71 -71
84 -74
-36 30
41 -51
36 91
-33 66
-41 7
-21 8
109 15
-52 62
11 34
12 -25
43 15
-16 -45
-89 -86
30 29
-44 -40
35 92
103 50
23 -56
27 25
85 -12
39 -84
70 20
70 93
-39 99
-5 -44
109 62
107 1
1 -80
-89 -57
-10 83
31 92
68 5
73 -17
58 64
-10 60
-40 -34
-76 -83
38 -11
-77 83
87 6
-72 -24
-1 -85
-7 27
13 73
85 6
-29 43
-39 73
-28 -63
39 40
45 -5
-77 -90
-39 -34
-58 95
-62 6
16 -80
63 -61
33 28
-88 64
-29 -63
98 -90
16 84
-57 76
-74 -35
-63 -34
57 -34
-13 94
41 -22
-40 109
47 -25
-24 93
7 -13
-46 12
-44 2
-87 -71
-48 -88
-62 69
-57 10
37 -66
42 85
-1 100
-22 64
2 34
-2 -82
50 2
-50 49
-40 -21
-68 51
-21 0
-61 30
-12 -40
-38 95
-1 57
72 -39
-82 17
8 -21
-83 20
87 21
80 -66
-88 -40
-76 -9
-81 -43
-63 31
42 -48
-76 41
-67 -82
30 -43
5 -8
42 93
-70 -35
-66 96
-62 42
45 77
-31 17
-9 84
-56 81
62 13
89 99
11 -24
88 95
7 -67
28 87
98 45
-19 -29
104 -49
84 81
16 109
-19 56
-50 26
-16 43
52 33
91 -25
62 -28
37 -62
52 12
-82 -70
25 9
-28 98
-37 -70
97 5
84 45
-71 51
-21 -4
45 49
-17 -46
53 -62
-37 71
-7 90
20 -72
23 -18
-8 -27
5 90
-71 -12
21 52
-55 -11
-20 17
16 102
94 -23
-40 56
-55 -5
-65 81
107 -49
-87 86
-1 101
-27 -69
26 54
-19 86
39 1
32 -43
80 102
66 17
44 108
39 43
-88 70
34 0
-53 -89
90 92
69 -34
14 43
-59 6
-72 -42
91 99
53 107
81 -46
-70 83
-11 91
87 9
-50 17
73 -54
24 89
-21 -90
-65 -76
62 87
18 104
94 92
80 -32
-22 99
101 -26
-52 67
-36 52
88 29
-33 60
59 103
-11 92
-30 -63
-45 -16
108 103
104 48
59 -28
63 -16
82 -19
29 -82
-73 -73
-25 74
-81 57
-36 -40
-2 -19
-64 91
-69 26
-66 21
-25 3
30 78
31 75
-64 -57
76 -23
47 -58
51 -84
2 -24
-63 2
-64 54
-3 -8
-70 -20
-68 -66
25 75
53 19
54 -89
66 20
-65 -67
64 -67
26 -34
-90 28
-66 8
109 4
105 -6
59 -47
16 -80
42 -42
22 -67
72 14
-89 -90
0 31
41 96
56 38
-34 -89
-41 65
-80 -63
51 -34
42 91
84 -66
61 69
-38 -61
26 12
73 -67
39 95
89 -67
-79 68
-83 -89
-28 -83
50 104
103 93
-71 -59
-7 -15
-4 -33
59 53
-24 49
-3 -86
94 -34
-90 -10
-38 59
-44 -39
76 84
-52 -56
22 -74
66 105
-55 22
-86 -21
-25 93
102 -81
4 -1
66 19
40 85
45 -16
81 40
35 -70
-2 -82
-7 46
-39 21
-23 19
86 -24
33 6
-1 84
6 -73
-3 18
-1 10
67 66
87 74
61 94
-43 90
4 64
-42 -78
-80 -83
-74 58
86 49
32 -85
20 59
-78 77
-34 12
-36 -13
107 -40
-70 73
-18 109
86 98
-32 46
-61 91
86 54
-58 -81
20 -16
69 -32
-20 67
-24 9
-30 50
7 85
-16 -72
-83 70
-30 98
43 -42
-62 -25
-13 -75
-33 107
68 8
45 -84
-48 -14
48 -22
22 55
-13 101
10 66
-80 98
11 -26
-31 27
29 -40
108 -88
-44 78
69 105
-87 -40
104 103
-28 -85
2 13
-33 -25
45 -68
-58 -78
-51 2
90 43
-39 71
6 16
-50 -64
84 4
45 -28
-21 -76
7 -58
-34 5
37 6
20 -9
-68 109
20 81
88 -61
-5 -47
-42 -43
-71 88
63 19
38 -46
90 69
64 -73
45 80
46 19
106 -61
24 8
-56 9
7 -27
49 -39
14 62
14 7
92 53
48 90
72 86
69 7
26 59
93 -86
-53 18
65 -15
-24 94
-46 -54
75 95
-54 47
107 -38
-12 10
64 18
57 78
-57 -68
8 5
-56 -28
-27 -50
0 -23
33 -1
13 47
94 -54
89 31
107 30
94 -10
77 -81
105 -1
11 16
69 16
-6 22
-78 62
79 93
14 52
26 106
51 82
81 -88
-80 -6
-6 83
-53 -9
59 70
-72 68
88 89
88 -60
86 53
96 39
4 17
16 108
66 1
96 -47
-81 46
17 20
43 -9
60 -3
18 -2
51 -71
-5 -20
63 -69
55 38
-75 -72
64 -80
-43 58
-65 -7
-57 -27
83 -46
91 86
-44 17
25 68
-60 -49
-65 27
12 47
25 -89
2 44
-22 69
105 66
-7 54
56 -39
94 80
-90 -80
-57 34
-64 95
72 -32
31 -49
12 -32
22 -86
-56 47
0 -4
-37 -90
3 83
27 34
-59 -25
70 20
47 52
-66 -65
39 23
-33 104
-44 -84
-25 46
-23 14
100 -9
54 -3
83 -89
-40 40
7 -60
100 46
9 -81
8 -17
42 -34
16 32
31 81
35 -67
91 54
-13 -13
70 -6
91 -3
107 29
72 -42
32 88
-30 -20
-41 69
-23 -36
-23 -56
-38 -10
-10 94
77 97
91 101
94 59
87 -46
-74 99
84 92
95 -90
-63 43
-39 -52
66 41
50 103
76 -5
-40 40
-38 -32
24 90
17 37
-66 -42
91 63
-38 -7
-35 14
15 68
7 11
-1 -44
-71 103
-75 -4
83 106
41 35
-67 62
89 -23
92 71
-88 21
-21 24
-21 66
62 21
88 93
-11 69
10 78
44 -16
-65 73
-45 11
-75 55
-58 24
100 -2
-32 92
45 3
-79 -71
-19 -82
-44 24
81 87
27 -86
22 -15
11 104
-64 -78
52 45
62 69
84 24
102 75
69 -87
85 -87
14 37
13 12
-16 -16
-31 -4
-32 91
75 79
48 99
35 -29
16 -48
-80 -19
-18 64
-30 43
-74 -67
-4 -59
4 37
51 -30
-84 50
30 93
-18 -16
18 103
-89 79
-27 67
82 -55
-60 4
-1 -30
-35 86
28 -67
98 -49
-38 -6
35 -37
33 105
-85 -58
-76 -23
-18 71
-30 64
93 46
27 -3
48 -45
56 20
54 -23
36 43
79 -60
76 -39
102 -88
14 88
104 -41
7 93
-21 50
73 -25
107 -78
-14 94
81 1
64 74
-58 36
44 -89
65 60
59 78
-79 34
-4 -20
-87 80
-4 93
-71 -36
16 -16
-47 15
107 52
38 87
29 -89
-54 100
-70 10
-75 46
-90 -86
-81 26
-66 65
-57 -23
32 91
-60 58
96 -54
-47 19
53 -32
70 12
79 -86
66 36
-42 46
-62 35
11 38
-3 -65
106 -5
12 -21
-64 -83
-42 16
6 21
-13 -29
-13 -53
-21 -3
-50 13
75 7
50 -31
-39 54
-85 -26
99 10
3 97
73 98
61 -22
-73 7
98 -64
93 62
-79 33
25 -85
17 -69
-49 97
67 96
-66 -71
-11 -82
97 -88
-64 -39
-17 -48
108 61
-54 -44
63 -2
-63 33
24 92
99 -58
82 65
104 -57
18 -30
-10 38
-85 -15
-82 -86
-2 96
-34 71
60 -59
38 -15
105 82
86 73
-74 102
-17 9
24 -14
-64 -79
-29 0
-79 72
64 -27
-35 64
72 -2
-2 37
86 79
-2 105
45 -59
-74 -47
-12 95
98 -5
-2 -87
39 -37
-28 77
14 -3
61 -84
-80 106
67 40
72 -20
22 -73
-88 40
20 -41
-15 -15
55 44
9 -70
-77 6
99 30
69 38
-61 -23
105 -17
-25 76
-68 -27
96 79
-15 75
15 42
-11 -13
61 60
-5 88
91 78
64 -39
3 -40
-72 -25
-9 -24
22 7
-53 86
78 -37
80 -34
-5 -18
-46 18
57 91
-47 80
48 31
-14 -13
58 7
10 -80
30 -56
-20 98
-51 95
100 107
53 22
-20 103
-43 53
-32 -1
-57 36
-34 -68
-64 31
101 63
-7 0
48 -39
-61 -23
-67 -76
-18 109
-39 -80
-57 -77
29 63
5 109
-69 23
92 -24
15 -50
-32 -33
-58 4
-67 3
-12 103
7 93
-58 -77
-87 -63
98 -26
-38 -42
89 -11
-59 94
69 3
-37 -53
-67 -14
-74 81
-6 104
-24 -58
-36 -70
-20 -8
-37 -24
53 4
24 83
-8 2
-89 -89
-74 95
48 91
-43 37
78 40
5 83
93 -34
40 -62
97 -81
109 83
105 101
-42 -88
-33 31
27 6
53 55
48 -39
-33 -26
53 85
14 64
-29 29
-47 -47
56 18
5 97
-72 80
65 101
13 -78
44 83
-88 -1
45 -12
55 106
11 98
62 -82
17 84
3 -58
104 -77
57 -14
-11 9
21 57
-11 3
66 47
35 -1
74 91
37 85
-10 -66
90 21
16 -60
41 58
-27 -43
107 43
-6 92
-14 83
32 56
85 48
65 23
99 -40
12 -63
-38 23
-71 -69
-54 28
-80 -31
107 45
8 87
-69 23
-68 89
-73 0
-43 -3
0 58
-73 -14
-31 70
45 89
-87 -38
47 -75
60 -26
102 28
-71 -32
-74 90
5 108
21 5
-78 17
-85 73
-57 -7
19 -12
99 -28
63 -81
-61 71
-34 82
81 38
46 96
-20 -75
6 21
66 52
-1 1
-61 51
-4 -27
23 0
103 86
-67 77
-84 109
-89 68
-26 48
-10 109
-54 64
66 -33
-51 -79
-10 -11
109 104
-21 16
74 31
-46 74
-3 26
-45 66
105 83
72 -86
82 -24
91 12
37 -45
-21 -43
-12 13
-64 100
34 34
-53 -90
-83 -65
-46 -73
31 99
7 -33
91 -1
-78 59
-10 -16
9 109
6 63
64 9
-46 -48
-56 52
-38 -32
-80 36
21 21
-2 -37
-11 75
-34 -38
-53 70
-45 -62
108 -43
-83 76
15 -11
13 13
-90 31
68 -4
20 -82
33 -22
8 -46
-38 21
18 -77
-8 77
-57 98
67 48
20 47
-55 68
78 -62
90 -11
52 -70
-82 -79
-67 -82
49 -17
-62 -22
-13 15
45 -41
45 -49
-62 20
109 71
-33 55
40 14
61 -61
-59 67
102 30
44 -90
-24 -6
-21 -48
103 65
107 14
-41 19
-26 -70
-36 81
71 100
-9 -60
91 100
-28 25
13 77
60 -26
102 95
-50 62
0 62
-37 92
94 22
107 21
96 47
-5 23
73 57
-19 65
102 -75
-62 -61
46 -9
-19 22
-22 4
-41 -40
37 9
31 -50
66 72
7 -3
-9 -15
-79 -68
18 -54
104 -4
-8 95
-64 64
-46 77
-13 -14
-60 102
92 -63
-36 -29
58 29
-19 35
65 5
-36 69
-11 -22
107 69
-61 14
85 33
47 87
101 46
67 -33
104 -33
-5 37
21 -68
19 -21
28 -46
-59 54
61 96
89 0
53 -43
91 36
-49 34
42 17
-43 74
57 -83
106 -49
83 -46
-40 -36
77 47
26 48
-38 86
-39 104
42 -9
79 -63
-48 57
-75 62
-51 31
-76 -58
65 94
-24 -37
-5 30
-13 37
-16 -13
66 61
-51 -78
69 17
85 72
-49 -6
28 89
-4 8
37 -11
-76 79
45 -3
44 -89
98 18
94 -17
-18 28
55 -86
-8 11
-24 -48
-6 83
28 -37
70 94
55 24
92 22
33 21
66 104
-69 -16
88 -39
27 -33
-21 61
-17 97
-31 -59
29 85
-18 16
-40 7
88 103
63 -86
-22 16
-12 80
70 -30
-30 -44
-54 -10
60 -86
-24 9
56 78
28 -64
-36 -59
-69 78
-27 -54
-41 -44
-28 45
105 8
-30 35
34 35
39 -75
-64 -24
87 30
-42 59
-56 -86
37 -62
-85 60
37 -70
-67 66
94 -41
56 -42
83 -31
-68 10
53 65
-66 1
8 57
102 29
25 27
41 -23
-19 50
-65 2
-65 -73
109 -71
90 -66
28 -87
31 57
-77 105
-84 30
-3 -16
65 86
7 23
78 -15
-7 96
10 74
69 33
73 6
25 -64
-33 -32
-8 65
-75 -12
82 72
98 -35
13 26
21 33
-38 20
-34 -77
-68 10
-83 9
9 23
-79 -78
89 14
-64 34
96 0
52 24
11 -9
-78 67
-4 31
84 34
60 -9
62 -83
35 70
73 -50
34 54
23 -13
80 107
-18 27
22 105
62 55
58 -11
4 24
-43 14
-53 42
39 95
-3 67
83 75
60 -77
-90 56
62 59
91 -25
-29 -7
-21 59
-82 -40
7 22
-73 -58
-3 80
6 106
-69 68
72 74
57 83
-7 91
9 49
45 97
-30 21
-55 -40
-24 68
-85 18
6 20
14 65
-48 -40
92 -36
98 94
-32 54
-30 28
87 36
50 43
24 -20
77 -73
6 -40
46 -17
44 -2
61 50
-5 75
62 79
-7 -24
85 39
109 40
-21 109
-48 99
96 82
-51 -84
31 -53
74 -29
83 3
70 92
-58 20
-3 -16
14 47
-88 -67
-5 -86
27 -52
0 102
31 -70
99 59
-77 45
-38 101
74 -90
54 80
54 -28
80 -7
81 6
103 44
13 78
49 -17
-61 -36
55 -25
-62 -59
66 13
-69 47
-70 -47
-4 -70
90 73
-25 27
-56 63
26 -47
-21 13
-37 -73
88 80
61 45
-65 29
36 27
55 48
-58 70
-47 14
0 75
86 74
9 -87
53 43
78 34
-59 61
-19 103
4 72
2 14
24 -44
42 -86
100 9
-1 -22
18 29
2 17
-30 93
80 -28
-78 90
23 -19
-79 -2
68 35
-89 85
18 -49
75 107
99 95
88 -36
84 -82
88 -3
109 100
-1 105
-38 -42
-26 91
89 -22
86 43
11 -17
101 -82
-34 47
-35 -10
73 71
-15 -86
3 82
-86 -2
-22 39
-70 51
85 -16
-33 -30
92 -59
92 -57
-89 109
2 -73
34 86
36 84
-36 -45
81 -65
21 -27
-42 -48
-66 78
-11 2
-39 -42
36 -44
14 -65
-88 82
32 -8
45 85
26 57
50 103
31 69
-54 63
-5 95
-34 -12
21 -7
46 -50
-1 98
5 98
-52 33
85 84
65 -65
55 -84
105 -45
60 53
-37 -86
4 -74
-23 -15
-69 44
100 54
-24 30
79 33
49 50
-30 29
39 74
85 -50
-69 4
-6 -22
-43 2
88 12
35 46
26 15
5 78
61 -29
63 -79
99 53
34 -46
63 -34
48 15
-72 62
-80 -15
94 7
104 44
-38 -34
-77 -82
-78 4
-23 15
59 2
64 20
-7 -43
-17 58
46 -1
-55 16
80 43
39 -32
106 51
79 87
59 58
27 -23
-6 -29
-27 -27
-49 88
-41 -18
86 58
-5 -81
46 -84
-69 89
-62 5
53 -28
64 43
55 50
-82 88
45 -74
8 27
-67 83
-20 20
-75 58
-36 -5
11 43
-9 -63
-57 -45
104 -30
-84 66
25 -22
-13 -57
41 74
-53 -64
75 93
105 -35
-73 78
98 -38
34 77
57 102
43 -5
50 -29
2 -43
82 83
-67 -24
-41 36
-6 16
-7 49
23 10
-22 47
9 -12
19 54
-53 14
30 89
-74 -75
44 40
-81 106
51 -61
-60 -72
-74 50
40 -74
38 43
-35 -31
-15 20
35 84
21 100
-13 -80
-44 -48
96 -2
51 46
-64 -79
44 -14
-10 -42
7 -52
108 -88
53 -50
-84 105
-11 -33
98 -47
-48 -9
-71 109
-16 -47
-34 -4
-20 16
-90 14
-35 3
-13 -77
-71 28
29 109
24 49
29 99
106 -73
109 85
32 80
-36 -31
46 19
74 75
-67 80
-19 -13
-20 41
105 -43
100 28
75 16
101 85
-22 43
-63 56
-54 62
96 -53
-66 -59
77 -68
-49 25
89 6
48 -68
22 -90
51 -30
18 -82
37 95
55 -27
-53 39
6 16
-9 15
-12 100
103 96
-19 6
-83 81
45 -26
78 -68
32 -32
108 84
96 76
-47 38
108 105
71 -82
-74 6
59 -45
-19 -90
93 51
-4 -44
-42 -57
-15 27
4 25
89 -57
36 82
63 -5
85 62
-31 -75
-37 54
75 -46
-18 48
108 97
70 52
5 13
105 -46
32 -85
64 90
96 6
108 24
-68 69
66 12
-90 -22
-18 -49
-63 -45
-9 53
84 36
-82 71
74 -89
-61 -22
42 -86
-78 59
-16 79
109 -35
109 50
-47 9
84 -80
2 -51
-73 62
37 68
-21 39
-25 -44
-33 103
-61 -28
102 -16
78 -88
85 -78
25 -59
94 79
-1 -35
-30 98
98 64
-53 -77
80 -69
88 -11
-2 24
-48 36
93 105
-65 -50
63 -60
62 97
72 63
54 -39
-38 24
-14 -80
20 -88
-82 -62
105 -24
-33 -3
11 96
-48 -67
15 -86
74 72
13 -3
107 7
-74 93
56 101
16 40
-59 104
-56 7
-28 -86
-86 25
28 106
8 57
33 1
-13 85
-23 -50
74 -37
101 95
-74 35
-52 -79
55 70
-76 -69
65 74
-18 -20
10 29
-10 -32
21 -52
33 44
-66 -62
71 -16
102 66
105 -86
-17 -59
-81 91
29 95
107 98
64 41
-6 96
-74 15
79 96
15 -83
49 -51
-29 -21
-5 -9
-1 17
85 -66
78 -22
106 -35
-83 89
19 86
-26 67
-79 -1
-47 92
40 97
74 53
64 67
-75 -59
-55 -77
-84 61
-72 3
38 5
56 -90
100 84
-70 4
-39 -76
62 23
-68 38
53 65
102 32
-68 106
47 -22
94 -19
-29 -49
-13 67
90 -31
42 -65
29 88
-71 43
-47 70
-42 -17
5 -6
21 37
-13 94
93 37
-68 57
-48 -73
-40 80
75 -10
14 21
-67 95
-60 -41
-45 107
-73 -50
9 -58
-29 -79
40 -32
9 -8
-30 -55
-32 -85
-20 14
15 106
107 106
102 49
48 99
-34 91
-20 -23
-72 2
39 9
-54 -49
8 -12
-8 19
-20 50
-75 -82
78 -60
85 104
-46 72
38 107
-58 40
31 -86
-88 29
-32 38
-49 -77
-6 105
4 -30
71 109
105 -69
68 -44
-52 90
-22 -74
68 -42
-75 34
-67 30
34 -71
5 58
27 -38
54 -13
26 -16
75 2
-10 -6
12 49
60 69
67 -50
-53 45
-90 30
91 -48
4 65
86 -68
28 -24
73 -55
-81 -1
43 62
-77 9
98 -33
-60 63
40 87
58 101
20 93
-61 -82
88 -49
-4 29
11 97
100 24
101 69
70 -61
-41 85
-21 -37
-57 45
98 -32
-19 -78
-38 -82
26 -53
51 97
-57 51
8 -11
-52 71
75 57
55 -25
88 19
-1 25
4 -89
54 26
-42 47
-2 73
-48 65
-66 53
95 -39
-20 -38
28 -25
-15 18
-76 5
48 67
23 56
49 64
93 -27
37 72
82 103
78 -83
37 -58
-68 -62
-63 -86
105 4
-44 16
73 106
-30 107
106 37
-3 -75
-87 -48
-3 61
59 -69
5 43
77 69
-58 -16
-62 -83
-25 3
-64 -44
94 64
73 79
-62 55
12 -35
-4 -62
-51 -88
56 48
86 19
51 36
-61 101
19 -47
-3 -90
-87 61
8 68
-18 -22
34 -16
-77 53
0 -70
-10 -42
-83 91
13 59
95 -37
-14 -81
0 88
-77 20
65 -44
-55 40
87 76
95 -50
-45 57
-33 20
89 44
-20 10
-34 27
84 56
-28 95
73 98
-6 -60
96 11
72 16
64 -47
-53 -46
-35 42
-48 -46
36 -22
23 -64
-48 55
10 3
92 -12
-28 81
85 107
78 101
-18 16
89 40
-52 30
15 -89
-1 -7
-45 -22
73 -18
-75 62
-69 69
94 19
-16 -16
-75 76
-10 -22
65 -90
-73 9
-45 75
35 24
-74 -39
-77 11
-28 103
14 17
48 -49
-19 81
96 77
3 -54
94 34
-67 16
81 -25
-82 -71
92 89
34 -75
63 7
-80 40
-21 45
-1 -87
40 -37
83 21
61 64
-55 -8
98 8
-59 -41
20 87
78 27
-67 9
49 -26
77 61
90 51
-69 -37
44 -52
74 7
8 8
57 94
-86 -22
70 -71
-66 25
102 -83
-7 -60
-80 -2
-1 -25
102 -20
-68 -48
-72 74
45 50
108 37
-17 29
14 39
39 -58
21 -46
48 -31
54 27
-26 29
48 -17
51 -15
37 104
-79 -35
96 -33
-58 -24
-10 -14
61 97
47 103
34 109
-58 42
54 -16
45 48
-14 21
-46 -81
-88 -90
38 6
-57 54
105 109
39 47
-37 100
-40 79
